MTS	OPEN	CLOSE	HIGH	LOW	VOLUME
1582618200000	74.406	74.348	74.407	74.348	30.11
1582618260000	74.424	74.297	74.424	74.297	6.604
1582618380000	74.431	74.494	74.494	74.431	18.76631365
1582618440000	74.469	74.469	74.469	74.469	2.68484075
1582618500000	74.246	74.246	74.246	74.246	0.751
1582618620000	74.2	74.2	74.2	74.2	0.14273088
1582618680000	74.231	74.231	74.231	74.231	1.28848945
1582618740000	74.355	74.355	74.355	74.355	0.72
1582618860000	74.376	74.312	74.376	74.312	3.9398999999999997
1582618980000	74.238	74.238	74.238	74.238	1.28329691
1582619040000	74.304	74.312	74.312	74.304	20.75190254
1582619100000	74.3	74.3	74.3	74.3	20.09545962
1582619220000	74.164	74.164	74.164	74.164	8.0
1582619280000	74.137	74.137	74.137	74.137	5.49888018
1582619340000	74.18	74.147	74.181	74.147	50.83148545
1582619460000	74.048	74.03	74.048	74.03	6.774815
1582619520000	73.974	73.949	73.974	73.949	1.48940826
1582619580000	73.901	74.046	74.046	73.901	13.62371467
1582619640000	74.101	74.101	74.101	74.101	4.30590626
1582619700000	74.138	74.138	74.138	74.138	0.5
1582619820000	74.048	74.048	74.048	74.048	3.14257957
1582619880000	74.222	74.416	74.416	74.222	94.89183189
1582619940000	74.415	74.417	74.417	74.415	1.45886598
1582620060000	74.297	74.297	74.297	74.297	15.0
1582620120000	74.157	74.297	74.297	74.157	10.72911808
1582620240000	74.177	74.177	74.177	74.177	0.5
1582620300000	74.171	74.171	74.171	74.171	45.50486736
1582620360000	74.127	74.127	74.127	74.127	4.62433583
1582620420000	74.038	73.973	74.038	73.973	16.78
1582620600000	73.972	73.972	73.972	73.972	0.98940826
1582620780000	74.058	73.989	74.058	73.989	500.0
1582620960000	73.949	73.854	73.949	73.835	41.10021
1582621020000	73.874	73.874	73.874	73.874	0.199
1582621140000	73.944	73.944	73.944	73.944	0.1
1582621200000	73.913	73.973	73.973	73.913	6.95720329
1582621380000	74.143	74.166	74.166	74.143	20.0
1582621680000	74.135	74.135	74.135	74.135	0.10107482
1582621740000	74.075	74.075	74.075	74.075	58.18664384
1582621920000	74.092	74.092	74.092	74.092	1.32
1582621980000	74.011	74.063	74.063	73.998	54.142912530000004
1582622100000	74.259	74.511	74.511	74.259	18.25728165
1582622160000	74.582	74.582	74.582	74.582	0.1
1582622220000	74.575	74.571	74.575	74.571	0.343155
1582622280000	74.585	74.596	74.596	74.585	5.0
1582622340000	74.61	74.61	74.61	74.61	0.6
1582622400000	74.519	74.519	74.519	74.519	0.95
1582622520000	74.49	74.49	74.49	74.49	0.5195
1582622640000	74.389	74.389	74.389	74.389	19.0
1582622760000	74.383	74.383	74.383	74.383	0.1
1582623060000	74.413	74.294	74.413	74.294	11.51812151
1582623120000	74.305	74.305	74.305	74.305	0.1
1582623240000	74.294	74.25	74.294	74.25	2.0
1582623360000	74.259	74.354	74.354	74.259	8.673
1582623420000	74.323	74.323	74.323	74.323	0.75548509
1582623480000	74.323	74.323	74.323	74.323	3.0
1582623540000	74.393	74.393	74.393	74.393	0.20944523
1582623660000	74.378	74.377	74.418	74.377	26.71422145
1582623840000	74.286	74.246	74.286	74.246	10.454562000000001
1582623900000	74.227	74.221	74.227	74.221	10.772
1582624020000	74.221	74.221	74.221	74.221	5.0
1582624140000	74.221	74.173	74.221	74.173	7.194
1582624260000	74.173	74.055	74.173	74.055	40.0
1582624380000	74.047	74.047	74.047	74.047	5.0464868
1582624440000	74.157	74.157	74.157	74.157	0.30062999999999995
1582624560000	74.105	74.105	74.105	74.105	5.0
1582624680000	74.031	74.061	74.061	74.031	5.2
1582624860000	74.258	74.203	74.258	74.203	63.092999999999996
1582624920000	74.244	74.244	74.244	74.244	1.0
1582624980000	74.143	74.199	74.199	74.143	6.27479237
1582625100000	74.296	74.296	74.296	74.296	1.22662411
1582625160000	74.353	74.332	74.386	74.314	8.9833081
1582625220000	74.261	74.261	74.261	74.261	3.13313983
1582625280000	74.29	74.29	74.29	74.29	1.0
1582625520000	74.274	74.337	74.337	74.274	2.7
1582625580000	74.295	74.295	74.295	74.295	1.65077329
1582625640000	74.164	74.212	74.212	74.164	3.0767473599999997
1582625760000	74.294	74.37	74.37	74.294	8.16
1582625820000	74.345	74.345	74.345	74.345	7e-08
1582626000000	74.37	74.415	74.42	74.37	12.77698749
1582626480000	74.306	74.306	74.306	74.306	0.673
1582626540000	74.291	74.291	74.291	74.291	1.0
1582626600000	74.295	74.295	74.295	74.295	0.87908884
1582626720000	74.346	74.346	74.346	74.346	0.12107772
1582626780000	74.391	74.502	74.502	74.391	71.24039998
1582626840000	74.426	74.426	74.426	74.426	9.375
1582627020000	74.44	74.471	74.471	74.44	2.0
1582627380000	74.12	74.12	74.12	74.12	0.1
1582627500000	74.09	74.087	74.09	74.087	19.72
1582627560000	74.047	74.04	74.047	74.04	12.59909674
1582627620000	74.03	73.997	74.03	73.997	27.696607
1582627680000	73.97	73.88	73.97	73.821	85.63350247
1582627740000	73.82	73.82	73.82	73.82	0.7
1582627800000	73.858	73.801	73.858	73.801	22.0
1582628100000	73.882	74.0	74.0	73.882	455.79785635999997
1582628160000	74.0	74.093	74.102	74.0	89.59649999999999
1582628520000	73.8	73.574	73.8	73.574	36.0
1582628700000	73.804	73.804	73.804	73.804	0.1
1582628760000	73.807	73.807	73.807	73.807	0.1
1582628820000	73.733	73.718	73.734	73.718	16.826532
1582628880000	73.66	73.34	73.66	73.34	435.54842641
1582628940000	73.327	73.294	73.327	73.215	98.79245804
1582629000000	73.295	73.273	73.301	73.273	6.5475885
1582629060000	73.319	73.405	73.452	73.319	38.14754879
1582629180000	73.434	73.434	73.434	73.434	0.1
1582629300000	73.471	73.399	73.471	73.399	2.3
1582629480000	73.193	73.1	73.193	73.062	20.10341244
1582629540000	73.167	73.403	73.403	73.166	4.258
1582629720000	73.244	73.244	73.244	73.244	0.1
1582629780000	73.176	73.176	73.176	73.176	0.5
1582629840000	73.061	72.978	73.075	72.908	97.57151391000001
1582629900000	73.139	72.988	73.139	72.988	1500.0
1582629960000	73.139	73.203	73.203	73.139	7.74352014
1582630080000	73.268	73.291	73.291	73.268	3.35788857
1582630140000	73.38	73.541	73.541	73.38	1.5
1582630200000	73.613	73.573	73.669	73.544	27.98556456
1582630260000	73.677	73.535	73.679	73.526	19.37510362
1582630380000	73.628	73.618	73.628	73.618	10.0
1582630440000	73.629	73.589	73.629	73.589	0.86
1582630500000	73.623	73.623	73.623	73.623	0.1
1582630680000	73.7	73.702	73.702	73.669	30.15861588
1582630740000	73.703	73.783	73.783	73.703	4.05
1582630800000	73.771	73.799	73.799	73.771	114.42288317
1582630860000	73.799	73.79	73.799	73.79	44.99
1582630920000	73.692	73.692	73.692	73.692	10.0
1582630980000	73.747	73.691	73.751	73.691	50.1
1582631040000	73.691	73.795	73.795	73.691	50.0
1582631100000	73.864	73.886	73.886	73.864	50.0
1582631160000	73.938	73.939	73.939	73.938	50.0
1582631280000	73.739	73.704	73.739	73.704	18.198028
1582631340000	73.734	73.734	73.734	73.734	45.0
1582631460000	73.788	73.945	73.945	73.788	100.6
1582631520000	74.026	74.36	74.36	74.026	81.33099256
1582631580000	74.36	74.51	74.579	74.36	51.20019964
1582631700000	74.52	75.197	75.4	74.52	2251.66521141
1582631760000	75.186	75.021	75.237	74.994	794.59355379
1582631820000	75.1	75.349	75.399	75.1	120.387
1582631880000	75.388	75.3	75.444	75.3	177.55742914
1582631940000	75.3	75.323	75.445	75.3	20.04949871
1582632000000	75.379	75.55	75.55	75.379	85.51458581
1582632060000	75.548	75.787	75.888	75.548	221.75996444
1582632120000	75.787	75.809	75.809	75.68	56.318679360000004
1582632180000	75.785	75.718	75.785	75.699	21.11148394
1582632240000	75.765	75.609	75.765	75.609	0.49592711
1582632300000	75.654	75.431	75.664	75.431	48.3
1582632360000	75.398	75.564	75.564	75.351	6.85
1582632420000	75.527	75.482	75.527	75.482	6.36
1582632480000	75.482	75.476	75.482	75.476	46.54547743
1582632540000	75.464	75.344	75.464	75.3	180.244038
1582632600000	75.508	75.55	75.55	75.508	16.287
1582632660000	75.547	75.78	75.78	75.547	9.446591
1582632780000	75.438	75.438	75.438	75.438	0.1
1582632960000	75.6	75.61	75.61	75.6	15.0
1582633080000	75.593	75.656	75.683	75.581	27.4
1582633140000	75.64	75.607	75.64	75.607	3.7
1582633200000	75.4	75.4	75.4	75.4	77.76307172
1582633380000	75.102	75.01	75.102	75.0	19.39106066
1582633440000	75.0	74.919	75.0	74.919	2.65974324
1582633620000	75.233	75.319	75.319	75.233	2.47112912
1582633740000	75.126	75.088	75.126	75.088	13.62
1582633800000	75.069	75.069	75.069	75.069	1.56
1582633860000	75.084	75.084	75.084	75.084	0.5
1582633920000	75.055	75.055	75.055	75.055	5.1
1582633980000	75.117	75.117	75.117	75.117	9.999646579999999
1582634100000	75.117	75.385	75.395	75.117	9.0284542
1582634160000	75.4	75.362	75.541	75.362	72.69702271
1582634220000	75.448	75.621	75.621	75.413	58.900863
1582634280000	75.397	75.397	75.397	75.397	40.0
1582634340000	75.407	75.5	75.5	75.407	51.1
1582634400000	75.63	75.379	75.699	75.379	73.71688726
1582634520000	75.571	75.53	75.571	75.53	100.0
1582634580000	75.54	75.54	75.54	75.54	6.9988
1582634700000	75.397	75.397	75.397	75.397	0.1
1582634760000	75.5	75.5	75.5	75.5	1.0
1582634880000	75.459	75.397	75.459	75.397	5.89760736
1582634940000	75.231	75.231	75.231	75.231	0.5
1582635000000	75.241	75.23	75.241	75.23	2.1
1582635060000	75.23	75.23	75.23	75.23	4.9
1582635180000	75.048	74.968	75.048	74.905	19.70437478
1582635240000	74.874	74.874	74.874	74.874	0.1
1582635360000	74.992	74.987	74.992	74.987	2.5557084000000003
1582635420000	75.011	74.847	75.011	74.847	45.6474744
1582635480000	74.838	74.789	74.838	74.789	1.4
1582635600000	74.891	74.891	74.891	74.891	0.1
1582635660000	74.768	74.758	74.768	74.758	0.75
1582635780000	74.71	74.71	74.71	74.71	0.22091967
1582635840000	74.738	74.773	74.773	74.738	9.14220361
1582635900000	75.131	75.158	75.158	75.131	2.89299819
1582636020000	75.072	75.084	75.084	75.02	16.77780463
1582636200000	75.193	75.126	75.193	75.126	2.57666088
1582636320000	75.0	75.0	75.0	75.0	20.0
1582636380000	74.758	74.758	74.758	74.758	0.5
1582636440000	74.863	74.836	74.863	74.836	113.389653
1582636560000	74.71	74.596	74.71	74.596	14.61696844
1582636620000	74.52	74.374	74.52	74.293	38.31567095
1582636680000	74.53	74.53	74.53	74.53	0.78831061
1582636740000	74.512	74.512	74.512	74.512	2.68543684
1582636800000	74.619	74.619	74.619	74.619	1.0
1582636860000	74.511	74.452	74.511	74.451	67.804704
1582636920000	74.514	74.561	74.561	74.514	4.88935085
1582637100000	74.6	74.66	74.66	74.57	3.62657954
1582637160000	74.754	74.754	74.754	74.754	0.5
1582637220000	74.654	74.505	74.654	74.504	9.45496832
1582637280000	74.468	74.181	74.468	74.181	16.55115468
1582637340000	74.372	74.372	74.372	74.372	0.88712605
1582637400000	74.309	74.368	74.369	74.308	11.17413441
1582637460000	74.419	74.419	74.419	74.419	0.93
1582637580000	74.485	74.485	74.485	74.485	1.3
1582637640000	74.526	74.526	74.526	74.526	3.59188
1582638000000	74.583	74.686	74.686	74.583	2.87556456
1582638060000	74.754	74.806	74.807	74.754	5.611000000000001
1582638120000	74.723	74.647	74.723	74.647	1.559012
1582638180000	74.522	74.522	74.522	74.522	0.20486686
1582638240000	74.521	74.521	74.521	74.521	0.11018304
1582638420000	74.679	74.81	74.81	74.679	34.357
1582638480000	74.805	74.801	74.862	74.801	41.32
1582638540000	74.81	74.81	74.81	74.81	15.0
1582638600000	74.783	74.783	74.783	74.783	0.15
1582638660000	74.85	74.98	74.98	74.85	42.775
1582638960000	74.672	74.619	74.69	74.619	34.08419226
1582639020000	74.515	74.434	74.515	74.434	11.0
1582639080000	74.354	74.344	74.354	74.217	143.575595
1582639140000	74.298	74.362	74.367	74.295	20.72098
1582639200000	74.256	74.251	74.256	74.251	10.2
1582639260000	74.254	74.37	74.425	74.254	28.70731057
1582639500000	74.251	74.251	74.251	74.251	10.0
1582639560000	74.435	74.435	74.435	74.435	1.225
1582639680000	74.428	74.544	74.544	74.428	0.30000000000000004
1582639740000	74.576	74.63	74.63	74.576	28.61831057
1582639800000	74.565	74.563	74.565	74.563	7.93145284
1582639860000	74.389	74.389	74.389	74.389	0.1
1582639980000	74.375	74.375	74.375	74.375	1.0
1582640040000	74.366	74.251	74.39	74.251	15.63061774
1582640100000	74.251	74.105	74.251	74.1	24.75340826
1582640160000	74.1	74.13	74.13	74.071	0.31079999999999997
1582640220000	74.13	74.151	74.151	74.112	33.906188
1582640280000	74.03	73.966	74.03	73.966	47.63107511
1582640340000	73.966	73.949	73.966	73.949	0.1
1582640400000	73.949	73.581	73.949	73.581	53.31257374
1582640460000	73.582	73.442	73.582	73.142	594.97576713
1582640520000	73.513	73.613	73.624	73.513	12.83132552
1582640580000	73.399	73.582	73.587	73.325	10.28780323
1582640640000	73.553	73.587	73.611	73.553	1.3534214900000001
1582640700000	73.602	73.349	73.602	73.349	12.794519659999999
1582640760000	73.371	73.141	73.373	73.141	173.94780719
1582640820000	73.134	73.382	73.382	73.114	156.17245763
1582640940000	73.36	73.233	73.36	73.233	16.79620471
1582641000000	73.222	73.372	73.372	73.222	1.1
1582641060000	73.512	73.525	73.525	73.512	6.25631672
1582641120000	73.525	73.525	73.525	73.525	3.74368328
1582641240000	73.143	73.033	73.143	73.033	668.8317806
1582641300000	73.033	71.485	73.033	70.985	8944.10755391
1582641360000	71.478	72.128	72.17	71.307	2922.0754056299998
1582641420000	72.181	71.942	72.244	71.908	388.49401198
1582641480000	71.995	72.4	72.404	71.995	934.20903589
1582641540000	72.304	72.443	72.516	72.239	31.5308
1582641600000	72.358	72.231	72.384	72.231	91.71558206
1582641660000	72.191	72.243	72.289	72.191	79.66564022
1582641720000	72.209	71.835	72.25	71.805	140.09519075
1582641780000	71.769	72.167	72.167	71.687	50.53955785
1582641840000	72.168	72.162	72.247	72.162	40.8
1582641900000	72.079	72.329	72.329	72.079	18.71008029
1582641960000	72.4	72.7	72.894	72.4	286.95619561
1582642020000	72.885	72.752	72.885	72.694	402.71543937
1582642080000	72.695	72.511	72.695	72.433	35.646265129999996
1582642140000	72.509	72.55	72.567	72.509	194.49015653
1582642200000	72.578	72.351	72.578	72.351	84.56337925
1582642260000	72.352	72.291	72.352	72.253	83.74093651
1582642320000	72.281	72.285	72.365	72.281	491.69928197
1582642380000	72.4	72.458	72.458	72.4	3.0928963400000002
1582642440000	72.41	72.368	72.51	72.368	26.354019
1582642500000	72.4	72.377	72.4	72.306	43.029785260000004
1582642560000	72.43	72.377	72.43	72.377	18.22978539
1582642680000	72.326	72.326	72.326	72.326	2.0
1582642740000	72.365	72.091	72.365	72.091	365.56413962
1582642800000	72.105	71.999	72.157	71.929	90.56715221
1582642860000	72.015	72.046	72.046	72.015	18.40577916
1582642920000	72.094	72.167	72.221	72.094	4.858934489999999
1582642980000	72.205	72.282	72.282	72.205	7.3013280300000005
1582643040000	72.263	72.254	72.264	72.253	1.03468317
1582643160000	72.404	72.41	72.41	72.404	1.575
1582643220000	72.491	72.506	72.526	72.486	62.366776
1582643340000	72.363	72.3	72.375	72.3	200.1043023
1582643460000	72.319	72.319	72.319	72.319	13.99
1582643520000	72.227	72.236	72.265	72.227	1.2622
1582643580000	72.24	72.247	72.247	72.24	1.5
1582643640000	72.21	72.137	72.21	72.137	20.82627502
1582643760000	72.1	71.87	72.1	71.87	356.87548805
1582643820000	71.848	71.618	71.848	71.257	117.70561310000001
1582643880000	71.683	71.915	71.915	71.683	8.84725873
1582643940000	71.862	71.789	71.862	71.789	18.005528299999998
1582644000000	71.789	71.444	71.789	71.444	59.20422424
1582644060000	71.365	71.79	71.79	71.362	41.50398663
1582644120000	71.844	71.844	71.844	71.844	0.5
1582644180000	71.843	71.575	71.843	71.575	25.39450979
1582644360000	71.7	71.744	71.744	71.681	28.55696553
1582644420000	71.744	71.925	71.925	71.744	91.857
1582644480000	71.925	72.199	72.199	71.924	26.81580169
1582644540000	72.205	72.174	72.205	72.174	37.850006199999996
1582644600000	72.148	72.469	72.469	72.121	43.84906778
1582644660000	72.353	72.325	72.353	72.325	4.49572079
1582644720000	72.354	72.32	72.354	72.146	18.043296480000002
1582644780000	72.346	72.394	72.405	72.346	32.33679271
1582644900000	72.35	72.32	72.35	72.32	79.63716814
1582644960000	72.405	72.405	72.405	72.405	0.1
1582645020000	72.305	72.35	72.35	72.305	1.0
1582645080000	72.406	72.406	72.406	72.406	1.0
1582645140000	72.372	72.372	72.372	72.372	0.839995
1582645200000	72.418	72.418	72.418	72.418	0.25
1582645260000	72.418	72.429	72.429	72.376	13.1
1582645380000	72.307	72.304	72.405	72.304	14.08015811
1582645440000	72.335	72.387	72.387	72.335	7.019122070000001
1582645500000	72.36	72.282	72.36	72.282	12.43253
1582645560000	72.224	72.258	72.399	72.224	27.37013
1582645620000	72.258	72.302	72.302	72.258	10.09903902
1582645680000	72.302	72.339	72.339	72.302	0.70848198
1582645860000	72.142	71.989	72.16	71.771	2981.75059377
1582645920000	71.97	72.032	72.091	71.97	64.84616401
1582646040000	72.0	72.046	72.049	72.0	20.41735583
1582646100000	72.119	71.829	72.12	71.819	20.33508857
1582646160000	71.84	71.84	71.84	71.84	10.0
1582646220000	71.792	72.099	72.099	71.792	18.68154961
1582646280000	71.913	71.93	71.93	71.781	27.6775908
1582646340000	72.04	72.04	72.04	72.04	2.3964
1582646400000	72.109	71.755	72.109	71.755	59.32969366
1582646460000	71.687	71.754	71.8	71.637	23.97626266
1582646520000	71.631	71.629	71.652	71.283	68.83339651
1582646580000	71.604	71.58	71.604	71.58	4.9065
1582646640000	71.67	71.7	71.709	71.65	90.71268136
1582646700000	71.759	71.98	71.98	71.759	56.429384
1582646760000	72.005	72.325	72.325	72.005	62.30854396
1582646820000	72.307	72.6	72.6	72.301	24.9638767
1582646880000	72.653	72.542	72.715	72.473	38.98343055
1582647000000	72.449	72.449	72.449	72.449	0.35
1582647060000	72.56	72.535	72.56	72.535	0.6000000000000001
1582647120000	72.59	72.61	72.61	72.59	50.1
1582647180000	72.584	72.79	72.9	72.584	25.780364990000002
1582647240000	72.9	72.977	72.98	72.751	87.29184757
1582647300000	72.875	72.764	72.889	72.764	18.642011880000002
1582647360000	72.703	72.681	72.704	72.68	0.6000000000000001
1582647420000	72.681	72.68	72.681	72.68	1.189
1582647480000	72.68	72.677	72.68	72.591	1.314
1582647540000	72.663	72.629	72.663	72.629	0.30112827000000003
1582647600000	72.576	72.496	72.576	72.496	0.7
1582647660000	72.495	72.4	72.495	72.4	44.699395710000005
1582647720000	72.334	72.253	72.339	72.253	11.98293342
1582647780000	72.172	71.79	72.172	71.742	119.82228247
1582647840000	71.737	71.839	71.839	71.737	12.53557122
1582647900000	71.845	71.845	71.845	71.845	1.36720922
1582647960000	71.691	71.241	71.691	71.215	14.918713799999999
1582648020000	71.202	71.118	71.202	70.544	732.12700544
1582648080000	71.177	71.24	71.24	71.054	46.90851266
1582648140000	71.208	71.03	71.208	70.966	379.36213092
1582648200000	71.0	70.717	71.0	70.717	2.1
1582648260000	70.68	70.965	71.0	70.68	205.25633059
1582648320000	70.869	70.507	70.869	70.507	167.13750016
1582648380000	70.505	70.658	70.703	70.392	462.53154824
1582648440000	70.78	70.949	71.008	70.78	12.49053671
1582648500000	70.778	70.636	70.796	70.557	26.33101536
1582648560000	70.754	70.7	70.779	70.65	55.76792937
1582648620000	70.7	70.997	70.997	70.7	19.93056425
1582648680000	70.999	71.218	71.218	70.999	36.80266167
1582648740000	71.226	71.202	71.301	71.137	28.90855768
1582648800000	71.098	70.879	71.098	70.879	10.0
1582648860000	70.799	70.798	70.799	70.798	2.2392676600000003
1582648920000	71.051	70.871	71.051	70.871	3.7302999999999997
1582649040000	70.852	70.841	70.888	70.841	28.93088259
1582649100000	70.8	70.5	70.8	70.5	96.29511983
1582649160000	70.502	70.648	70.648	70.456	35.543124
1582649280000	70.521	70.566	70.566	70.406	519.48237303
1582649340000	70.438	70.099	70.438	70.024	827.65924748
1582649400000	70.098	70.631	70.631	70.098	87.13151489
1582649460000	70.471	70.316	70.603	70.316	26.29574806
1582649520000	70.374	70.338	70.408	70.172	244.74556866
1582649580000	70.303	70.36	70.36	70.242	2.19484
1582649640000	70.444	70.318	70.444	70.318	0.27350149
1582649700000	70.318	70.091	70.318	70.024	23.06043389
1582649760000	70.165	70.471	70.471	70.092	336.15310669
1582649820000	70.451	70.51	70.51	70.451	8.837
1582649880000	70.483	70.4	70.483	70.4	1.1
1582649940000	70.16	70.19	70.19	70.071	24.56014277
1582650000000	70.156	69.915	70.156	69.774	186.32224753
1582650060000	69.809	69.9	70.062	69.809	113.06030719
1582650120000	69.899	70.02	70.02	69.899	47.78541613
1582650180000	70.009	70.228	70.228	70.009	516.13094428
1582650240000	70.249	70.25	70.25	70.249	449.27943349000003
1582650300000	70.25	70.442	70.442	70.25	77.07808754
1582650360000	70.418	70.541	70.55	70.418	60.0
1582650420000	70.486	70.512	70.512	70.486	0.2
1582650480000	70.535	70.575	70.575	70.535	500.0
1582650540000	70.378	70.17	70.379	70.17	58.38602744
1582650600000	70.427	70.427	70.427	70.427	19.85645326
1582650660000	70.322	70.117	70.322	70.117	504.4065572
1582650720000	70.229	70.221	70.268	70.168	84.92836362
1582650780000	70.249	70.518	70.518	70.249	14.339
1582650840000	70.516	70.631	70.631	70.516	6.89826378
1582650900000	70.62	70.488	70.62	70.488	13.51456442
1582650960000	70.415	70.454	70.48	70.398	16.62492918
1582651020000	70.443	70.393	70.443	70.348	4.861
1582651080000	70.388	70.447	70.447	70.367	11.7
1582651140000	70.46	70.55	70.55	70.46	18.90483954
1582651200000	70.599	70.767	70.767	70.599	18.0
1582651260000	70.79	70.779	70.79	70.779	5.5
1582651320000	70.784	70.816	70.816	70.784	17.0
1582651380000	70.83	70.87	70.87	70.733	0.7
1582651440000	70.846	70.846	70.846	70.846	2.0
1582651500000	70.872	70.772	70.872	70.772	10.17453462
1582651560000	70.756	70.756	70.756	70.756	0.1
1582651620000	70.665	70.635	70.665	70.635	4.21226808
1582651740000	70.721	70.8	70.852	70.721	2.56712957
1582651800000	70.875	70.7	70.899	70.699	64.27040128
1582651920000	70.749	70.786	70.786	70.749	29.0
1582651980000	70.676	70.676	70.676	70.676	0.98
1582652040000	70.654	70.676	70.676	70.654	11.0
1582652100000	70.747	70.643	70.747	70.643	0.205052
1582652220000	70.747	70.747	70.747	70.747	12.80966637
1582652280000	70.698	70.698	70.698	70.698	8.0
1582652340000	70.747	70.75	70.75	70.747	127.31206706
1582652400000	70.906	70.975	70.975	70.906	42.16340787
1582652460000	70.977	70.883	70.987	70.883	30.87941648
1582652520000	70.798	70.799	70.799	70.798	0.58573613
1582652580000	70.701	70.633	70.701	70.633	2.52556975
1582652640000	70.771	70.846	70.854	70.771	8.5
1582652700000	70.777	70.845	70.852	70.777	34.0
1582652760000	70.794	70.48	70.794	70.48	702.0
1582652880000	70.515	70.507	70.515	70.507	2.2
1582652940000	70.476	70.485	70.485	70.476	0.5
1582653000000	70.511	70.517	70.517	70.507	12.981069999999999
1582653060000	70.475	70.431	70.475	70.431	1.41821843
1582653120000	70.52	70.44	70.615	70.394	35.11979
1582653180000	70.394	70.337	70.394	70.248	22.89348993
1582653300000	70.496	70.496	70.496	70.496	0.5
1582653420000	70.62	70.675	70.675	70.62	10.438
1582653540000	70.5	70.515	70.515	70.5	5.31513
1582653600000	70.492	70.507	70.507	70.44	36.23372133
1582653660000	70.527	70.383	70.527	70.383	14.8090164
1582653720000	70.363	70.468	70.468	70.302	65.49418741
1582653780000	70.618	70.619	70.619	70.611	4.169001300000001
1582653840000	70.713	70.672	70.726	70.672	8.75263152
1582653900000	70.742	70.743	70.743	70.742	20.0
1582653960000	70.794	70.917	70.917	70.77	78.67713484
1582654020000	70.935	70.935	70.935	70.935	0.1
1582654080000	70.936	70.784	70.936	70.777	13.920627210000001
1582654200000	70.839	70.848	70.848	70.839	3.37242
1582654260000	70.917	70.928	70.928	70.905	8.25
1582654380000	70.94	70.94	70.94	70.94	0.16234129
1582654440000	70.835	70.848	70.848	70.835	1.1
1582654500000	70.843	70.633	70.843	70.633	9.35
1582654560000	70.631	70.637	70.637	70.51	10.91384893
1582654620000	70.597	70.597	70.597	70.597	6.0
1582654680000	70.769	70.769	70.769	70.769	1.0
1582654740000	70.865	70.878	70.878	70.865	10.0
1582654800000	70.89	71.0	71.0	70.89	42.76203383
1582654860000	71.015	71.013	71.036	71.013	13.650982
1582655100000	70.923	71.064	71.064	70.923	20.10249594
1582655160000	71.114	71.279	71.279	71.114	135.0996
1582655220000	71.233	71.191	71.233	71.02	166.89
1582655280000	71.301	71.331	71.331	71.301	3.50744876
1582655400000	71.314	71.314	71.314	71.314	2.57786816
1582655460000	71.305	71.3	71.305	71.297	12.98603593
1582655520000	71.26	71.215	71.26	71.214	1.4000000000000001
1582655580000	71.183	71.3	71.3	71.169	11.24572395
1582655640000	71.3	71.3	71.3	71.3	0.1
1582655700000	71.298	71.241	71.298	71.239	2.78217179
1582655760000	71.3	71.3	71.3	71.3	14.67308058
1582655820000	71.331	71.293	71.354	71.293	6.8649360999999995
1582655880000	71.286	71.295	71.295	71.286	22.0
1582655940000	71.215	71.215	71.215	71.215	0.2
1582656000000	71.25	71.252	71.252	71.194	134.51037499
1582656060000	71.337	71.337	71.337	71.337	8.29766664
1582656120000	71.336	71.309	71.336	71.309	1.1
1582656180000	71.337	71.337	71.337	71.337	0.1
1582656300000	71.261	71.221	71.261	71.221	4.099758
1582656360000	71.333	71.336	71.336	71.333	8.4
1582656420000	71.253	71.253	71.253	71.253	0.25
1582656480000	71.293	71.303	71.303	71.293	40.0
1582656540000	71.311	71.24	71.311	71.24	0.2
1582656600000	71.22	71.214	71.22	71.214	0.2
1582656660000	71.29	71.36	71.36	71.29	10.5
1582656720000	71.36	71.376	71.376	71.36	2.51672438
1582656780000	71.377	71.52	71.52	71.377	115.29848771
1582656840000	71.519	71.44	71.58	71.407	430.17384531
1582656900000	71.381	71.439	71.439	71.381	0.36312918
1582656960000	71.447	71.46	71.46	71.446	75.16023526
1582657080000	71.33	71.329	71.33	71.329	9.690895000000001
1582657200000	71.396	71.396	71.396	71.396	1.0
1582657260000	71.337	71.349	71.349	71.337	11.70009971
1582657320000	71.349	71.307	71.374	71.307	7.16826667
1582657380000	71.213	71.213	71.213	71.213	0.1
1582657500000	71.234	71.211	71.264	71.207	35.589999999999996
1582657560000	71.2	71.121	71.21	71.121	47.75211563
1582657620000	71.04	71.051	71.051	71.04	3.8695013300000003
1582657740000	71.1	71.079	71.1	71.079	6.49325
1582657800000	71.002	71.087	71.087	71.001	23.55095082
1582657860000	71.19	71.163	71.19	71.163	8.3586359
1582657980000	71.002	70.923	71.002	70.923	6.7417421200000005
1582658040000	70.879	71.0	71.0	70.879	24.10929749
1582658100000	71.0	71.169	71.169	71.0	17.76527078
1582658160000	70.999	70.892	70.999	70.892	26.0
1582658220000	70.947	70.98	70.98	70.909	9.5
1582658280000	71.0	70.99	71.0	70.99	9.10021
1582658400000	70.945	70.945	70.945	70.945	6.7626
1582658460000	70.944	70.944	70.944	70.944	0.1
1582658520000	70.944	70.846	70.944	70.846	10.461338999999999
1582658640000	70.799	70.637	70.799	70.626	16.022
1582658700000	70.637	70.711	70.711	70.589	3.54341916
1582658760000	70.729	70.729	70.729	70.729	1.23206336
1582658820000	70.825	70.632	70.825	70.632	111.0
1582658880000	70.619	70.791	70.791	70.603	184.27750303
1582658940000	70.663	70.663	70.663	70.663	5.0
1582659000000	70.618	70.63	70.63	70.618	3.52405716
1582659060000	70.749	70.903	70.903	70.749	161.33614676
1582659120000	70.868	70.887	70.887	70.868	0.44999999999999996
1582659180000	70.854	70.854	70.854	70.854	0.597
1582659420000	70.742	70.742	70.742	70.742	3.26143949
1582659540000	70.62	70.594	70.62	70.594	1.696
1582659600000	70.664	70.556	70.664	70.556	0.7114529700000001
1582659660000	70.54	70.556	70.556	70.494	103.7161377
1582659720000	70.531	70.531	70.531	70.531	0.1
1582659780000	70.499	70.48	70.499	70.48	8.11929
1582659840000	70.48	70.48	70.48	70.48	11.36384393
1582659900000	70.479	70.669	70.669	70.47	67.05372572
1582659960000	70.672	70.672	70.672	70.672	0.644
1582660080000	70.601	70.601	70.601	70.601	0.1
1582660260000	70.621	70.67	70.67	70.546	18.67
1582660440000	70.671	70.712	70.712	70.671	1.4040000000000001
1582660680000	70.653	70.735	70.772	70.653	10.755
1582660800000	70.797	70.797	70.797	70.797	1.32
1582661040000	70.677	70.677	70.677	70.677	0.1
1582661100000	70.677	70.677	70.677	70.677	1.4164
1582661160000	70.683	70.683	70.683	70.683	1.0
1582661220000	70.735	70.736	70.736	70.735	4.49457431
1582661400000	70.792	70.789	70.792	70.789	1.367611
1582661460000	70.803	70.853	70.853	70.803	20.00658009
1582661520000	70.843	70.866	70.875	70.833	8.08115405
1582661580000	70.865	70.956	70.956	70.865	7.02902647
1582661640000	71.035	71.073	71.076	71.035	85.11490738
1582661760000	71.043	71.302	71.302	71.043	2000.0
1582661820000	71.024	70.879	71.024	70.879	8.13483823
1582662000000	71.08	71.055	71.08	71.055	13.93008433
1582662060000	70.989	70.969	70.989	70.969	27.934181780000003
1582662120000	70.872	70.734	70.872	70.636	126.44216336000001
1582662180000	70.791	70.67	70.791	70.67	0.2
1582662300000	70.717	70.583	70.717	70.583	0.8500000000000001
1582662360000	70.583	70.578	70.583	70.578	1.6
1582662540000	70.556	70.556	70.556	70.556	0.1
1582662600000	70.556	70.319	70.556	70.318	24.250072590000002
1582662660000	70.359	70.475	70.475	70.359	5.318581200000001
1582662780000	70.563	70.612	70.612	70.563	6.1
1582662840000	70.543	70.543	70.543	70.543	0.1
1582662900000	70.484	70.484	70.484	70.484	3.273
1582662960000	70.518	70.774	70.774	70.518	1000.0
1582663020000	70.559	70.56	70.56	70.559	7.269717630000001
1582663080000	70.767	70.562	70.767	70.562	585.63249333
1582663140000	70.647	70.696	70.696	70.647	17.0
1582663200000	70.723	70.723	70.723	70.723	0.3
1582663320000	70.716	70.674	70.716	70.674	0.2
1582663380000	70.674	70.667	70.674	70.667	126.70672496
1582663440000	70.509	70.519	70.519	70.509	0.2
1582663500000	70.489	70.486	70.489	70.486	10.0
1582663620000	70.48	70.479	70.48	70.479	4.1
1582663680000	70.344	70.458	70.458	70.344	9.43830029
1582663740000	70.599	70.688	70.688	70.599	3.97300716
1582663800000	70.662	70.744	70.744	70.662	1.3070000000000002
1582663980000	70.613	70.627	70.627	70.613	2.0
1582664340000	70.727	70.671	70.794	70.671	4.2985
1582664400000	70.809	70.809	70.809	70.809	0.1
1582664460000	70.741	70.784	70.845	70.741	8.42357904
1582664520000	70.732	70.733	70.733	70.732	3.8820523099999997
1582664700000	70.87	70.87	70.87	70.87	0.13567381
1582664760000	70.87	70.788	70.87	70.788	3.24382
1582664820000	70.78	70.78	70.78	70.78	1.0
1582664880000	70.755	70.755	70.755	70.755	4.0
1582664940000	70.704	70.704	70.704	70.704	3.263
1582665000000	70.659	70.659	70.659	70.659	3.265
1582665060000	70.732	70.494	70.732	70.103	6445.0124666599995
1582665120000	70.494	70.015	70.494	69.501	10694.23644594
1582665180000	70.1	70.265	70.285	70.1	1042.91897292
1582665240000	70.241	70.298	70.3	70.212	445.00297383
1582665300000	70.285	70.208	70.285	70.208	15.25
1582665360000	70.248	70.288	70.288	70.248	28.31674412
1582665420000	70.289	70.289	70.291	70.289	15.8800727
1582665480000	70.298	70.271	70.303	70.271	46.0
1582665600000	70.262	70.188	70.262	70.188	42.0
1582665660000	70.188	69.717	70.193	69.692	902.2364518
1582665720000	69.667	70.234	70.429	69.555	424.61604717
1582665780000	70.223	70.558	70.606	70.119	1374.61523263
1582665840000	70.529	70.609	70.649	70.474	96.87618374
1582665900000	70.649	70.649	70.649	70.635	84.09260085
1582665960000	70.649	70.78	70.793	70.649	266.53451572
1582666020000	70.793	71.094	71.139	70.793	241.83332607
1582666080000	71.099	71.178	71.269	71.057	276.43071138
1582666140000	71.279	71.33	71.36	71.279	50.699999999999996
1582666200000	71.386	71.392	71.392	71.386	1.87
1582666260000	71.439	71.317	71.48	71.317	48.34444398
1582666320000	71.349	71.602	71.678	71.349	134.01564447
1582666380000	71.683	71.707	71.711	71.672	3.5
1582666440000	71.689	71.679	71.742	71.679	60.86860358
1582666500000	71.501	71.211	71.501	71.211	133.46171046999999
1582666560000	71.211	71.164	71.211	71.105	12.84315484
1582666620000	71.04	71.238	71.238	71.04	3.375
1582666800000	71.07	71.043	71.07	71.043	1.46823318
1582666920000	70.99	71.0	71.0	70.99	24.15415818
1582666980000	71.0	71.017	71.017	71.0	20.74777282
1582667040000	71.145	71.111	71.145	71.111	100.0
1582667160000	71.208	71.209	71.209	71.208	1.48089562
1582667280000	71.44	71.577	71.603	71.44	200.1
1582667340000	71.562	71.562	71.562	71.562	0.5
1582667400000	71.378	71.372	71.378	71.372	0.50172332
1582667460000	71.491	71.491	71.491	71.491	1.3
1582667520000	71.505	71.508	71.508	71.505	3.0
1582667580000	71.404	71.327	71.404	71.327	10.1
1582667640000	71.365	71.351	71.365	71.351	2.632
1582667700000	71.352	71.406	71.406	71.352	5.12738068
1582667760000	71.432	71.519	71.519	71.432	186.777
1582667820000	71.598	71.598	71.598	71.598	6.80359768
1582667940000	71.599	71.7	71.7	71.599	1.94976
1582668000000	71.699	71.635	71.699	71.518	192.90718604
1582668060000	71.476	71.476	71.476	71.476	0.15684132
1582668120000	71.596	71.538	71.596	71.538	10.0
1582668180000	71.532	71.532	71.532	71.532	10.0
1582668240000	71.623	71.5	71.623	71.5	31.6
1582668300000	71.453	71.453	71.453	71.453	0.25894698
1582668540000	71.395	71.696	71.696	71.395	50.0
1582668600000	71.674	71.693	71.693	71.664	20.0
1582668660000	71.697	71.699	71.699	71.601	60.1
1582668780000	71.7	71.734	71.734	71.7	0.5
1582668840000	71.684	71.76	71.764	71.684	0.5
1582668900000	71.764	71.719	71.823	71.719	161.32151716
1582668960000	71.704	71.69	71.81	71.69	504.37593915
1582669020000	71.69	71.7	71.7	71.69	11.53402303
1582669080000	71.697	71.697	71.697	71.697	4.1922
1582669140000	71.741	71.735	71.741	71.735	1.1
1582669200000	71.684	71.942	71.942	71.684	48.330554719999995
1582669260000	71.958	72.029	72.029	71.958	102.96570837
1582669320000	72.028	72.06	72.06	72.028	10.92548736
1582669380000	72.081	72.14	72.14	72.081	93.69527405
1582669440000	72.138	72.081	72.142	72.081	88.73147811
1582669500000	72.08	71.971	72.08	71.971	5.16919506
1582669620000	72.058	72.058	72.058	72.058	16.6914
1582669680000	72.143	72.143	72.143	72.143	1.0
1582669800000	72.132	72.132	72.132	72.132	0.1
1582669980000	72.121	72.058	72.121	72.056	3.1
1582670040000	71.875	71.875	71.875	71.875	0.1
1582670220000	71.835	71.835	71.835	71.835	3.39034148
1582670340000	71.793	71.827	71.827	71.793	22.4639235
1582670400000	71.916	72.128	72.128	71.916	329.38983766
1582670460000	72.128	72.103	72.167	72.103	24.328378
1582670520000	72.167	72.189	72.189	72.15	70.0
1582670580000	72.196	72.198	72.198	72.196	10.0
1582670640000	72.198	72.147	72.199	72.134	40.0
1582670700000	72.06	72.121	72.123	72.0	67.44430056
1582670760000	72.004	72.004	72.004	72.004	0.637275
1582670880000	72.0	72.0	72.0	72.0	2.55569944
1582670940000	71.991	72.011	72.011	71.991	9.04423568
1582671000000	72.108	72.248	72.248	72.108	44.84671849
1582671060000	72.276	72.276	72.276	72.276	0.1
1582671300000	72.109	72.17	72.214	72.109	40.43608039
1582671360000	72.15	72.135	72.151	72.115	60.0
1582671480000	72.111	72.111	72.111	72.111	0.1
1582671600000	72.115	72.115	72.115	72.115	0.15
1582671660000	72.084	72.016	72.084	72.016	41.76682626
1582671780000	72.013	72.0	72.013	72.0	5.25
1582671840000	71.995	72.072	72.072	71.992	5.1
1582671900000	71.935	71.688	71.935	71.688	7.81929899
1582671960000	71.706	71.794	71.834	71.69	50.66383037
1582672080000	71.746	71.746	71.746	71.71	77.59052048
1582672200000	71.688	71.757	71.757	71.688	15.19628857
1582672260000	71.827	71.827	71.827	71.827	3.21148215
1582672320000	71.79	71.688	71.79	71.688	3.41664
1582672380000	71.688	71.877	72.145	71.688	127.97702108
1582672500000	71.993	71.993	71.993	71.993	8.0
1582672800000	71.943	71.943	71.943	71.943	1.04587085
1582672860000	72.0	72.0	72.0	72.0	1.32
1582673040000	71.818	71.78	71.818	71.78	21.6
1582673100000	71.766	71.766	71.766	71.766	0.1
1582673460000	71.687	71.612	71.687	71.612	0.6000000000000001
1582673640000	71.662	71.662	71.662	71.662	3.74996326
1582673880000	71.613	71.486	71.613	71.486	28.1
1582673940000	71.445	71.405	71.445	71.371	9.335826430000001
1582674000000	71.382	71.447	71.447	71.382	3.72902191
1582674060000	71.423	71.394	71.423	71.394	19.75668404
1582674120000	71.365	71.308	71.366	71.308	15.66554389
1582674180000	71.307	71.356	71.356	71.307	14.5797576
1582674240000	71.365	71.365	71.365	71.365	2.80695002
1582674360000	71.367	71.367	71.367	71.367	0.1
1582674540000	71.286	71.147	71.286	71.147	120.37028845
1582674600000	71.192	71.192	71.192	71.192	12.0
1582674660000	71.198	71.272	71.272	71.198	6.048
1582674840000	71.44	71.332	71.44	71.332	10.065
1582674900000	71.322	71.322	71.322	71.322	2.065
1582674960000	71.121	71.053	71.121	71.053	10.75
1582675020000	71.04	71.009	71.04	71.009	72.13323782
1582675080000	71.0	71.043	71.043	70.895	4.64974468
1582675200000	71.034	71.049	71.051	71.005	93.54736
1582675260000	70.959	71.003	71.004	70.799	25.04130108
1582675320000	71.03	71.44	71.44	71.03	16.86252637
1582675380000	71.37	71.334	71.37	71.334	1.41982082
1582675440000	71.36	71.36	71.36	71.36	3.646
1582675620000	71.208	71.177	71.208	71.177	55.0
1582675680000	71.245	71.245	71.245	71.245	0.25
1582675860000	71.4	71.466	71.478	71.4	3.3817218
1582675920000	71.488	71.507	71.521	71.488	0.6389669600000001
1582675980000	71.521	71.555	71.641	71.521	500.1
1582676040000	71.451	71.531	71.531	71.451	20.383875
1582676100000	71.663	71.683	71.683	71.663	3.71691652
1582676160000	71.764	71.923	71.923	71.764	5.72272373
1582676220000	71.919	71.862	71.919	71.862	4.98616496
1582676280000	71.867	71.867	71.867	71.867	0.75
1582676400000	71.925	72.021	72.021	71.925	77.552846
1582676460000	72.07	72.087	72.087	72.07	0.93896696
1582676520000	72.168	72.218	72.251	72.168	17.75686204
1582676580000	72.183	72.09	72.2	72.09	43.70230233
1582676760000	72.158	72.223	72.223	72.158	40.0
1582676940000	72.09	71.957	72.09	71.957	10.25
1582677240000	72.001	72.001	72.001	72.001	0.25
1582677300000	72.075	72.101	72.101	72.075	50.0
1582677360000	72.068	72.068	72.068	72.068	0.1
1582677420000	71.951	71.849	71.951	71.849	14.745000000000001
1582677480000	71.848	71.81	71.848	71.789	7.96067893
1582677540000	71.782	71.712	71.782	71.712	4.6
1582677600000	71.717	71.733	71.759	71.717	39.0776285
1582677660000	71.687	71.509	71.687	71.509	6.9479085000000005
1582677720000	71.546	71.546	71.546	71.546	2.0
1582677780000	71.565	71.565	71.565	71.565	0.1
1582677900000	71.556	71.448	71.558	71.448	1.86
1582677960000	71.444	71.364	71.444	71.364	5.40185286
1582678020000	71.382	71.382	71.382	71.382	0.1
1582678080000	71.375	71.283	71.375	71.283	1.2000000000000002
1582678140000	71.209	71.134	71.209	71.134	4.45252
1582678200000	71.121	71.04	71.121	71.04	1.835
1582678260000	70.961	70.799	71.008	70.799	56.96409077
1582678320000	71.008	70.91	71.035	70.91	5.45405164
1582678380000	70.798	70.798	70.798	70.798	0.5
1582678440000	70.718	70.697	70.718	70.618	95.2
1582678500000	70.764	70.9	70.9	70.764	7.24493736
1582678560000	70.961	70.962	70.962	70.961	3.97267388
1582678680000	70.868	70.868	70.868	70.868	0.25
1582678800000	70.752	70.814	70.814	70.752	0.65156479
1582678920000	70.884	70.957	70.957	70.884	3.2214337
1582679160000	70.624	70.604	70.624	70.604	4.0
1582679220000	70.557	70.556	70.557	70.451	11.17217307
1582679280000	70.395	70.289	70.395	70.289	6.44907528
1582679340000	70.354	70.241	70.354	70.241	4.66
1582679400000	70.241	70.148	70.241	70.084	19.4755794
1582679460000	70.212	70.213	70.213	70.212	1.42399437
1582679520000	70.083	70.081	70.083	70.071	0.71287444
1582679580000	70.056	69.905	70.056	69.905	66.03574989
1582679640000	69.84	69.871	69.876	69.696	210.7616535
1582679700000	69.917	69.9	69.925	69.9	74.7523013
1582679760000	69.956	70.0	70.0	69.956	31.845518499999997
1582680000000	70.001	70.39	70.39	70.001	47.50852743
1582680060000	70.344	70.304	70.368	70.304	18.31
1582680120000	70.17	70.17	70.17	70.17	1.864
1582680180000	70.056	69.953	70.056	69.863	492.198865
1582680240000	69.84	69.478	69.84	69.278	845.41990767
1582680300000	69.465	69.189	69.465	68.589	4600.74360223
1582680360000	69.119	69.277	69.277	68.996	112.54547694
1582680420000	69.184	69.184	69.254	69.04	99.16835481
1582680480000	69.133	69.174	69.188	69.133	0.7673500200000001
1582680540000	69.118	69.043	69.118	68.955	50.46209325
1582680600000	69.077	69.043	69.111	69.043	40.6
1582680660000	68.941	68.854	68.941	68.75	25.64262166
1582680720000	68.918	69.439	69.441	68.918	29.88996696
1582680780000	69.352	69.46	69.46	69.352	10.43163865
1582680840000	69.411	69.411	69.411	69.411	8.0
1582680900000	69.221	69.338	69.338	69.221	5.59168
1582680960000	69.182	69.182	69.182	69.182	1.87949748
1582681080000	69.384	69.351	69.384	69.341	29.31418
1582681140000	69.458	69.5	69.5	69.458	2.5
1582681200000	69.49	69.282	69.49	69.282	0.7
1582681380000	69.295	69.295	69.295	69.295	6.90829111
1582681440000	69.237	69.191	69.237	69.191	24.3888712
1582681500000	69.269	69.269	69.269	69.269	0.72255
1582681560000	69.413	69.413	69.413	69.413	1.0
1582681620000	69.462	69.5	69.5	69.462	17.5
1582681680000	69.5	69.501	69.501	69.5	105.29
1582681740000	69.564	69.5	69.564	69.5	31.88498556
1582681800000	69.411	69.398	69.467	69.398	13.71027591
1582681860000	69.397	69.279	69.397	69.279	121.30562047
1582681920000	69.239	69.19	69.239	69.19	38.05420429
1582681980000	69.101	69.225	69.225	69.058	12.16562369
1582682040000	69.244	69.17	69.244	68.942	1022.00521105
1582682100000	69.119	69.03	69.171	68.85	1069.3730198
1582682160000	69.033	68.901	69.068	68.901	33.99839376
1582682220000	68.901	68.638	68.901	68.451	1063.09404735
1582682280000	68.72	68.782	68.8	68.661	302.2580503
1582682340000	68.825	68.641	68.88	68.639	175.15497032
1582682400000	68.635	68.635	68.635	68.355	142.15254526
1582682460000	68.719	68.774	68.774	68.705	2.38933708
1582682520000	68.831	68.713	68.831	68.674	59.36691321
1582682580000	68.65	68.53	68.65	68.471	80.34014939000001
1582682640000	68.526	68.542	68.611	68.333	1081.59483474
1582682700000	68.438	68.107	68.5	68.101	280.67501399
1582682760000	68.171	68.208	68.208	68.1	88.30518122
1582682820000	68.152	67.8	68.182	67.8	309.83171305
1582682880000	67.8	67.055	67.801	67.055	2518.27273723
1582682940000	67.055	67.578	67.72	66.815	1864.74183353
1582683000000	67.545	67.651	67.75	67.446	115.98753131
1582683060000	67.572	67.835	67.835	67.457	265.81336
1582683120000	67.834	67.695	67.834	67.55	152.6788479
1582683180000	67.687	67.496	67.687	67.323	227.61701213
1582683240000	67.441	67.499	67.499	67.301	57.49699597
1582683300000	67.563	67.438	67.664	67.363	88.45162202
1582683360000	67.301	67.32	67.42	67.158	113.35352746
1582683420000	67.31	67.707	67.707	67.31	156.29417391
1582683480000	67.697	67.588	67.697	67.56	71.84550227
1582683540000	67.607	67.696	67.707	67.607	7.07040282
1582683600000	67.603	67.43	67.603	67.43	14.18597562
1582683660000	67.392	67.619	67.619	67.392	128.50644498
1582683720000	67.719	67.916	68.011	67.719	65.60885778
1582683780000	67.861	67.899	67.899	67.726	173.93424463
1582683840000	67.86	67.727	67.928	67.726	7.5695
1582683900000	67.692	67.766	67.766	67.687	18.01717302
1582683960000	67.72	67.516	67.72	67.516	5.64
1582684020000	67.485	67.704	67.704	67.485	31.42052867
1582684080000	67.747	67.763	67.763	67.747	12.93591443
1582684140000	67.759	67.926	67.926	67.759	22.177124759999998
1582684200000	67.965	68.186	68.186	67.965	284.78408987
1582684260000	68.185	68.254	68.254	68.156	138.44836692
1582684320000	68.223	68.223	68.223	68.223	0.25
1582684380000	68.288	68.438	68.447	68.288	10.000713170000001
1582684440000	68.45	68.682	68.682	68.45	47.94387712
1582684500000	68.564	68.322	68.564	68.322	7.98124333
1582684560000	68.331	68.475	68.551	68.331	16.46158209
1582684620000	68.502	68.559	68.559	68.451	1.54922954
1582684680000	68.579	68.542	68.581	68.5	26.393989949999998
1582684740000	68.539	68.424	68.539	68.424	2.37276467
1582684800000	68.252	68.131	68.252	68.131	23.11667981
1582684860000	68.078	68.231	68.231	68.052	10.63337159
1582684920000	68.291	68.291	68.291	68.291	0.1
1582684980000	68.505	68.5	68.505	68.5	72.133
1582685040000	68.422	68.472	68.472	68.416	55.0
1582685100000	68.323	68.322	68.323	68.322	4.074
1582685160000	68.339	68.371	68.38	68.339	1.56234948
1582685220000	68.53	68.562	68.588	68.53	44.53110273
1582685280000	68.612	68.693	68.693	68.612	2.16147445
1582685340000	68.773	68.774	68.774	68.773	1.65655316
1582685400000	68.791	68.717	68.916	68.717	23.06440548
1582685460000	68.873	68.824	68.895	68.824	37.50133997
1582685520000	68.772	68.61	68.772	68.61	6.67999947
1582685700000	68.877	68.94	68.94	68.877	16.97657567
1582685760000	68.94	68.853	69.061	68.853	73.63240523
1582685820000	68.836	68.806	68.836	68.806	30.25
1582685880000	68.787	68.74	68.787	68.74	60.0
1582685940000	68.69	68.712	68.712	68.69	0.2
1582686000000	68.617	68.661	68.661	68.617	22.06
1582686060000	68.68	68.68	68.68	68.68	0.7992
1582686120000	68.65	68.616	68.65	68.616	7.31182696
1582686300000	68.613	68.613	68.613	68.613	0.86233139
1582686360000	68.536	68.535	68.536	68.535	18.86015757
1582686420000	68.471	68.293	68.471	68.293	12.362924360000001
1582686540000	68.413	68.301	68.413	68.301	0.2
1582686600000	68.265	68.285	68.285	68.265	0.5
1582686660000	68.4	68.4	68.4	68.4	1.46100576
1582686720000	68.484	68.452	68.484	68.452	0.75
1582686840000	68.429	68.438	68.438	68.429	10.21605464
1582686900000	68.438	68.438	68.438	68.438	8.78394536
1582686960000	68.38	68.324	68.38	68.324	7.176908
1582687020000	68.324	68.231	68.324	68.231	30.00011183
1582687080000	68.231	68.212	68.231	68.212	21.19130135
1582687140000	68.131	68.09	68.131	68.035	121.44
1582687200000	68.096	67.988	68.096	67.952	45.9246185
1582687260000	68.098	68.024	68.098	68.024	0.25
1582687320000	68.025	68.024	68.025	68.024	30.27252757
1582687380000	67.91	67.831	67.91	67.775	98.93075821
1582687440000	67.831	68.127	68.127	67.815	227.77457086
1582687500000	68.043	68.076	68.076	68.043	13.37067663
1582687560000	68.106	68.068	68.106	68.003	7.02369694
1582687620000	68.159	68.208	68.208	68.159	2.95
1582687740000	68.098	68.001	68.098	68.001	2.2078870999999998
1582687800000	68.056	68.099	68.149	68.056	8.404344009999999
1582687860000	68.257	68.34	68.34	68.257	20.0
1582687920000	68.337	68.37	68.37	68.337	4.21991137
1582687980000	68.451	68.45	68.451	68.409	0.7
1582688040000	68.529	68.505	68.529	68.505	7.438744789999999
1582688100000	68.471	68.439	68.471	68.439	3.46664498
1582688220000	68.531	68.604	68.669	68.531	47.2138205
1582688280000	68.607	68.57	68.607	68.553	2.281933
1582688340000	68.449	68.54	68.54	68.437	0.30000000000000004
1582688400000	68.412	68.342	68.412	68.342	0.4
1582688460000	68.32	68.333	68.333	68.32	0.21158649000000002
1582688520000	68.48	68.6	68.6	68.48	21.2335852
1582688580000	68.6	68.442	68.6	68.442	15.10023396
1582688640000	68.446	68.446	68.446	68.446	1.52221526
1582688760000	68.452	68.466	68.466	68.452	23.133
1582688820000	68.32	68.32	68.32	68.32	0.34067000000000003
1582688940000	68.32	68.162	68.32	68.131	53.00000893
1582689060000	68.386	68.386	68.386	68.386	0.73354655
1582689300000	68.53	68.518	68.659	68.518	66.60000000000001
1582689360000	68.539	68.617	68.617	68.539	61.230547470000005
1582689420000	68.539	68.529	68.539	68.529	10.0
1582689480000	68.675	68.774	68.774	68.675	1.1496
1582689540000	68.773	68.774	68.774	68.773	1.6219999999999999
1582689600000	68.746	68.539	68.746	68.539	8.26071102
1582689660000	68.547	68.547	68.547	68.547	2.913
1582689720000	68.677	68.501	68.677	68.501	6.23750392
1582689780000	68.655	68.45	68.655	68.45	66.72144141
1582689840000	68.375	68.3	68.375	68.3	5.26055382
1582689960000	68.341	68.336	68.341	68.336	13.0
1582690020000	68.212	68.212	68.212	68.212	0.5
1582690080000	68.201	68.201	68.201	68.201	0.1
1582690140000	68.259	68.131	68.259	68.131	0.4
1582690200000	68.131	67.997	68.131	67.98	18.54067893
1582690260000	68.16	67.913	68.16	67.913	50.300000000000004
1582690320000	67.91	67.968	67.968	67.822	2.8
1582690380000	67.998	67.91	67.998	67.91	7.76122148
1582690440000	67.84	67.795	67.84	67.775	11.60544664
1582690500000	67.85	67.978	67.978	67.85	6.78092098
1582690560000	67.889	67.995	68.02	67.844	53.953080990000004
1582690620000	67.976	68.02	68.02	67.974	254.06059471
1582690740000	68.139	67.997	68.139	67.997	5.24817044
1582690800000	68.023	68.111	68.111	68.023	4.68309
1582690980000	67.974	67.974	67.974	67.974	0.1
1582691100000	67.928	67.934	67.934	67.928	3.0
1582691160000	67.975	67.81	67.975	67.81	3.5
1582691220000	67.775	67.666	67.775	67.666	40.964
1582691340000	67.858	67.759	67.858	67.759	9.16
1582691400000	67.828	67.82	67.932	67.82	7.02697301
1582691460000	67.936	67.968	67.968	67.934	10.2
1582691520000	68.009	68.01	68.01	68.009	1.69
1582691580000	68.009	68.126	68.126	68.009	24.0
1582691640000	67.894	67.894	67.894	67.894	3.39281447
1582691700000	67.983	67.964	68.017	67.964	5.38891542
1582691760000	67.903	67.98	67.99	67.876	10.700000000000001
1582691820000	67.946	67.834	67.946	67.834	0.30000000000000004
1582691880000	68.033	68.033	68.033	68.033	1.249
1582691940000	68.077	68.126	68.126	68.077	5.87126399
1582692000000	68.127	68.127	68.127	68.127	0.5
1582692120000	68.107	68.107	68.107	68.107	0.14950923
1582692180000	68.194	68.296	68.299	68.194	256.04643511
1582692300000	68.319	68.304	68.319	68.296	10.35
1582692360000	68.37	68.451	68.451	68.37	3.4632776
1582692420000	68.531	68.531	68.531	68.531	0.5
1582692540000	68.584	68.692	68.692	68.584	200.0
1582692660000	68.654	68.717	68.724	68.653	500.0
1582692780000	68.574	68.654	68.654	68.574	573.63249333
1582692840000	68.634	68.498	68.634	68.498	45.66152727
1582692900000	68.485	68.45	68.485	68.45	8.6
1582692960000	68.539	68.675	68.675	68.539	27.162870299999998
1582693080000	68.61	68.61	68.61	68.61	0.1
1582693140000	68.761	68.761	68.761	68.761	0.43836768
1582693200000	68.751	68.751	68.751	68.751	2.0
1582693260000	68.735	68.764	68.764	68.735	18.00658374
1582693320000	68.689	68.623	68.689	68.623	6.70903165
1582693380000	68.495	68.495	68.495	68.495	0.5
1582693440000	68.589	68.589	68.589	68.589	0.25
1582693500000	68.507	68.482	68.507	68.482	0.77241434
1582693560000	68.423	68.502	68.502	68.423	4.16177577
1582693620000	68.405	68.497	68.507	68.395	14.26248245
1582693680000	68.372	68.343	68.372	68.343	10.225542
1582693740000	68.407	68.455	68.455	68.407	5.3259
1582693800000	68.38	68.38	68.38	68.38	0.1
1582693920000	68.528	68.528	68.528	68.528	0.1491817
1582694100000	68.318	68.301	68.318	68.301	1.44067893
1582694160000	68.406	68.408	68.408	68.406	16.483863
1582694220000	68.293	68.293	68.293	68.293	0.15
1582694340000	68.293	68.293	68.293	68.293	0.35
1582694460000	68.212	68.212	68.212	68.212	0.5
1582694520000	68.21	68.21	68.21	68.21	7.5
1582694580000	68.296	68.324	68.324	68.296	1.6208
1582694760000	68.375	68.3	68.375	68.3	2.6
1582694820000	68.3	68.3	68.3	68.3	9.4
1582694880000	68.357	68.357	68.357	68.357	0.6
1582694940000	68.454	68.377	68.454	68.377	0.65
1582695120000	68.583	68.584	68.584	68.583	1.6261878100000002
1582695300000	68.612	68.612	68.612	68.612	0.5
1582695540000	68.583	68.583	68.583	68.583	4.07534
1582695720000	68.618	68.619	68.619	68.573	96.980363
1582695780000	68.682	68.682	68.693	68.682	2.2
1582695840000	68.693	68.737	68.737	68.693	0.51
1582695960000	68.737	68.855	68.855	68.737	37.69144851
1582696020000	68.877	69.002	69.043	68.877	52.2216728
1582696140000	69.06	69.06	69.06	69.06	1.16238541
1582696200000	68.989	68.886	68.989	68.854	8.43920196
1582696260000	68.799	68.883	68.883	68.799	16.0
1582696320000	68.867	68.768	68.867	68.768	0.9
1582696440000	69.038	69.101	69.116	69.026	15.21037527
1582696500000	69.149	69.189	69.189	69.149	5.0
1582696560000	69.258	69.37	69.372	69.258	101.6047407
1582696620000	69.281	69.046	69.281	69.044	7.47834462
1582696680000	69.308	69.484	69.484	69.308	41.844209570000004
1582696740000	69.5	69.508	69.508	69.49	87.4103299
1582696800000	69.568	69.627	69.627	69.568	2.78909091
1582696860000	69.618	69.862	69.863	69.618	82.21687181
1582696920000	69.862	69.979	69.98	69.862	18.88045546
1582696980000	69.902	69.954	69.954	69.902	8.9838
1582697040000	69.811	69.698	69.811	69.667	8.70893008
1582697100000	69.879	69.821	69.879	69.821	7.592
1582697160000	69.837	69.861	69.861	69.837	1.3
1582697220000	69.861	69.6	69.861	69.576	13.8174261
1582697280000	69.561	69.847	69.847	69.561	0.94882626
1582697400000	69.75	69.59	69.75	69.59	5.86364
1582697460000	69.627	69.59	69.627	69.567	17.267500000000002
1582697520000	69.751	69.863	69.863	69.751	2.8
1582697580000	69.731	69.74	69.74	69.647	14.50177302
1582697640000	69.803	69.8	69.803	69.8	27.0611187
1582697700000	69.803	69.8	69.803	69.8	77.037
1582697760000	69.8	69.576	69.8	69.576	0.25010828
1582697820000	69.505	69.549	69.549	69.48	5.199999999999999
1582697880000	69.549	69.469	69.549	69.462	5.75945631
1582697940000	69.495	69.495	69.495	69.495	0.1307
1582698120000	69.444	69.432	69.444	69.432	0.37970309999999996
1582698180000	69.432	69.166	69.432	69.166	51.57565684
1582698240000	69.119	69.197	69.197	69.101	22.09
1582698300000	69.101	69.226	69.226	69.101	7.25979259
1582698360000	69.242	69.242	69.242	69.242	0.1
1582698420000	69.095	69.035	69.095	69.035	0.22528021
1582698480000	69.081	69.186	69.186	69.081	5.6000000000000005
1582698540000	69.163	69.234	69.234	69.163	2.32728369
1582698600000	69.261	69.213	69.261	69.213	2.10395718
1582698720000	69.457	69.459	69.459	69.457	0.53896696
1582698780000	69.408	69.416	69.416	69.408	7.74991142
1582698840000	69.5	69.501	69.501	69.5	2.30611941
1582698900000	69.5	69.5	69.5	69.5	6.0191721
1582698960000	69.461	69.472	69.472	69.461	5.88531043
1582699020000	69.39	69.39	69.489	69.39	4.58931423
1582699080000	69.414	69.401	69.418	69.357	344.0782
1582699140000	69.365	69.365	69.425	69.365	4.2171
1582699200000	69.365	69.322	69.365	69.261	18.96519651
1582699320000	69.413	69.437	69.437	69.38	2.6233999999999997
1582699380000	69.474	69.398	69.474	69.398	11.3627
1582699440000	69.398	69.436	69.436	69.398	2.0223999999999998
1582699500000	69.398	69.398	69.398	69.398	0.67991419
1582699560000	69.384	69.298	69.384	69.298	0.4293
1582699680000	69.26	69.26	69.26	69.26	23.53411755
1582699740000	69.26	69.188	69.26	69.188	0.09999999999999999
1582700040000	69.485	69.663	69.663	69.485	64.94720373
1582700100000	69.74	69.74	69.74	69.74	3.303
1582700160000	69.572	69.572	69.572	69.572	0.25
1582700220000	69.6	69.661	69.661	69.6	2.3857
1582700280000	69.665	69.665	69.665	69.665	1.0
1582700340000	69.581	69.66	69.66	69.581	41.0
1582700460000	69.628	69.441	69.659	69.43	78.59279487
1582700580000	69.386	69.182	69.386	69.182	20.71351757
1582700640000	69.111	69.107	69.111	69.107	6.66578923
1582700760000	69.101	69.036	69.101	69.036	0.9
1582700820000	69.072	69.247	69.247	69.068	8.21104476
1582700880000	69.223	69.223	69.223	69.223	3.32600002
1582700940000	69.171	69.171	69.171	69.171	0.1
1582701000000	69.076	69.02	69.076	69.02	3.83373702
1582701060000	68.939	68.846	68.939	68.736	7.29027097
1582701120000	68.833	68.92	68.92	68.833	19.21487863
1582701180000	69.003	68.974	69.004	68.973	29.83814
1582701240000	68.79	68.888	68.888	68.618	560.0
1582701300000	68.892	68.892	68.892	68.892	1.4516
1582701360000	68.822	68.817	68.829	68.809	48.31588091
1582701420000	68.82	68.9	68.9	68.795	49.56465319
1582701480000	68.965	68.985	68.985	68.965	90.52859681
1582701600000	68.938	68.938	68.938	68.938	0.1
1582701660000	68.705	68.705	68.705	68.705	0.1
1582701720000	68.71	68.765	68.765	68.621	88.540326
1582701840000	68.697	68.617	68.697	68.617	0.2
1582701900000	68.623	68.641	68.641	68.623	0.35
1582701960000	68.716	68.804	68.804	68.716	46.32387
1582702020000	68.817	68.877	68.877	68.817	126.54119
1582702140000	68.685	68.53	68.685	68.53	1.73067893
1582702200000	68.53	68.447	68.531	68.353	42.88810709
1582702260000	68.359	68.36	68.36	68.359	10.127379999999999
1582702320000	68.44	68.449	68.47	68.395	29.89492
1582702380000	68.454	68.455	68.455	68.453	11.6
1582702440000	68.367	68.367	68.367	68.367	0.15
1582702500000	68.385	68.385	68.385	68.385	15.0
1582702560000	68.5	68.716	68.774	68.5	20.28148758
1582702680000	68.575	68.617	68.617	68.575	100.0
1582702860000	68.591	68.591	68.591	68.591	1.08576778
1582702920000	68.618	68.672	68.672	68.618	3.6612924999999996
1582702980000	68.672	68.69	68.69	68.672	12.0
1582703100000	68.616	68.592	68.616	68.521	19.96062259
1582703160000	68.564	68.564	68.564	68.564	0.1
1582703220000	68.587	68.374	68.587	68.374	11.85794186
1582703280000	68.342	68.294	68.342	68.294	3.73551515
1582703340000	68.293	68.293	68.293	68.293	0.5
1582703400000	68.293	68.305	68.305	68.293	12.793575579999999
1582703460000	68.296	68.389	68.389	68.296	10.09300606
1582703520000	68.232	68.219	68.232	68.219	1.115
1582703580000	68.219	68.136	68.219	68.134	1.25
1582703640000	68.25	68.25	68.25	68.25	11.09091488
1582703700000	68.25	68.25	68.25	68.25	1.25829786
1582703820000	68.159	67.727	68.159	67.727	178.00292307
1582703880000	67.698	67.774	67.774	67.32	1360.07614365
1582703940000	67.704	67.732	67.758	67.613	36.562411850000004
1582704000000	67.733	67.638	67.733	67.586	34.20343697
1582704060000	67.638	67.723	67.723	67.614	27.19356899
1582704120000	67.776	67.778	67.778	67.776	30.0
1582704180000	67.766	67.965	67.965	67.766	63.494
1582704240000	67.966	68.008	68.008	67.966	1.60761534
1582704300000	67.971	67.971	67.971	67.971	3.386
1582704360000	68.009	68.009	68.009	68.009	0.43896696
1582704420000	68.046	68.045	68.127	68.045	20.869054300000002
1582704480000	68.012	68.027	68.027	68.012	44.47470629
1582704540000	68.085	68.085	68.085	68.085	3.38234023
1582704600000	68.063	68.119	68.119	68.063	1.7934569900000001
1582704840000	68.11	68.11	68.11	68.11	5.0
1582704900000	68.054	68.11	68.11	68.054	0.48435096
1582704960000	68.203	68.289	68.289	68.203	0.7
1582705020000	68.289	68.369	68.37	68.289	3.12605815
1582705080000	68.38	68.38	68.391	68.38	2.31290881
1582705140000	68.38	68.38	68.38	68.38	0.25
1582705200000	68.364	68.202	68.364	68.202	17.547872
1582705380000	68.033	68.032	68.033	68.032	0.54
1582705440000	68.059	68.059	68.059	68.059	5.0
1582705500000	68.032	67.542	68.032	67.404	1034.95151074
1582705560000	67.469	66.833	67.469	66.814	604.99026699
1582705620000	66.882	66.944	67.132	66.882	129.46100897
1582705680000	66.977	67.01	67.1	66.977	67.70102501
1582705740000	66.935	66.349	66.948	66.349	788.93452638
1582705800000	66.35	66.4	66.55	66.234	1113.24431759
1582705860000	66.4	66.753	66.854	66.4	459.58383309
1582705920000	66.766	66.559	66.766	66.541	47.154255230000004
1582705980000	66.617	66.62	66.62	66.548	58.02377218
1582706040000	66.557	66.579	66.579	66.526	29.54531511
1582706100000	66.568	66.552	66.568	66.498	88.4
1582706160000	66.556	66.557	66.557	66.556	39.647999999999996
1582706220000	66.673	66.673	66.673	66.673	0.25
1582706340000	66.681	66.575	66.681	66.575	41.21252993
1582706400000	66.565	66.565	66.565	66.565	1.89139309
1582706460000	66.622	66.639	66.639	66.622	26.07511676
1582706520000	66.652	66.762	66.762	66.652	450.84510782
1582706580000	66.68	66.851	66.851	66.68	3.7159810999999996
1582706640000	66.851	67.026	67.089	66.851	105.91627576
1582706700000	66.988	67.098	67.098	66.973	120.62652802
1582706760000	67.039	67.031	67.079	66.99	64.17347198
1582706820000	67.044	67.15	67.15	67.044	50.58897091
1582706880000	67.15	67.15	67.15	67.15	88.20521604
1582706940000	67.296	67.291	67.296	67.159	32.06
1582707000000	67.295	67.399	67.641	67.295	377.01455996
1582707060000	67.348	67.529	67.529	67.348	203.4713
1582707120000	67.55	67.723	67.723	67.55	7.08059324
1582707180000	67.758	67.66	67.795	67.66	25.05455706
1582707240000	67.643	67.63	67.648	67.63	26.81011532
1582707300000	67.62	67.372	67.62	67.336	48.30560127
1582707360000	67.399	67.3	67.399	67.3	32.63221469
1582707420000	67.242	67.253	67.253	67.219	6.90023094
1582707480000	67.17	67.167	67.17	67.166	1.4033591799999998
1582707540000	67.166	67.162	67.166	67.162	0.50067893
1582707600000	67.208	67.208	67.208	67.208	0.4
1582707660000	67.164	67.112	67.164	67.112	11.154148450000001
1582707720000	67.12	66.904	67.12	66.886	54.669580870000004
1582707780000	66.938	66.932	66.938	66.847	9.573029250000001
1582707840000	66.937	66.8	66.937	66.8	3.33886479
1582707900000	66.812	66.812	66.812	66.812	5.0
1582707960000	66.735	66.512	66.735	66.512	25.61100535
1582708020000	66.521	66.437	66.521	66.437	13.705
1582708080000	66.501	66.605	66.631	66.501	24.49699549
1582708140000	66.638	66.435	66.646	66.434	27.68251676
1582708200000	66.465	66.465	66.465	66.465	0.1
1582708260000	66.571	66.537	66.6	66.537	5.407163
1582708380000	66.473	66.383	66.473	66.294	41.1102425
1582708440000	66.43	66.43	66.43	66.43	6.4897575
1582708500000	66.56	66.325	66.587	66.325	203.86366644999998
1582708560000	66.263	66.114	66.263	65.52	1064.93814207
1582708620000	66.263	66.182	66.29	65.881	102.95846518
1582708680000	66.166	66.27	66.27	66.166	1.5498311599999999
1582708740000	66.118	66.024	66.118	66.024	3.062977
1582708800000	66.278	66.458	66.458	66.278	3.6904703899999998
1582708860000	66.23	66.402	66.402	66.23	7.1032803300000005
1582708920000	66.386	66.34	66.391	66.3	10.6
1582708980000	66.291	66.338	66.338	66.291	2.1951618699999997
1582709040000	66.069	65.775	66.14	65.769	63.69654839
1582709100000	65.894	66.02	66.02	65.894	20.97117705
1582709160000	65.946	66.187	66.187	65.914	104.15102009
1582709220000	65.958	66.11	66.11	65.958	87.60174071
1582709280000	66.11	66.213	66.213	66.1	84.64732728
1582709340000	66.197	66.228	66.23	66.197	20.87313425
1582709400000	66.227	66.24	66.269	66.227	24.52590851
1582709460000	66.234	66.386	66.386	66.215	17.6202561
1582709520000	66.399	66.536	66.536	66.399	53.22063108
1582709580000	66.533	66.478	66.533	66.478	5.91201444
1582709640000	66.514	66.563	66.68	66.512	90.58274438000001
1582709700000	66.594	66.6	66.6	66.593	27.0
1582709760000	66.649	66.577	66.682	66.577	56.47193566
1582709820000	66.468	66.471	66.471	66.468	0.99680424
1582709880000	66.442	66.459	66.461	66.442	46.0713423
1582709940000	66.42	66.286	66.42	66.286	4.0
1582710000000	66.3	66.403	66.403	66.3	18.651
1582710060000	66.41	66.323	66.41	66.323	12.083
1582710180000	66.323	66.321	66.323	66.321	0.51061684
1582710300000	66.3	66.322	66.322	66.3	25.708761000000003
1582710420000	66.288	66.22	66.288	66.082	96.0
1582710480000	66.036	65.883	66.036	65.859	12.32358398
1582710540000	65.945	65.838	65.945	65.838	38.5880433
1582710600000	65.776	65.945	65.945	65.664	124.92091583000001
1582710660000	65.874	66.0	66.0	65.874	28.29991881
1582710720000	65.997	66.08	66.08	65.997	10.28128434
1582710780000	65.985	65.985	65.985	65.985	4.464552
1582710840000	65.942	65.942	65.942	65.942	1.29163233
1582710960000	65.875	65.875	65.875	65.875	2.0
1582711020000	66.0	66.0	66.0	66.0	1.0
1582711080000	65.854	66.241	66.241	65.821	195.53883415
1582711140000	66.259	66.292	66.292	66.143	57.39252207
1582711200000	66.285	66.279	66.378	66.247	70.76887981
1582711260000	66.279	65.94	66.279	65.94	183.27077352
1582711320000	66.047	66.399	66.4	66.047	109.29154688
1582711380000	66.372	66.6	66.6	66.372	22.195979100000002
1582711440000	66.593	66.479	66.6	66.479	89.46055198
1582711500000	66.427	66.403	66.427	66.403	0.5
1582711560000	66.518	66.67	66.67	66.518	40.24907496
1582711620000	66.67	66.741	66.741	66.67	13.106350939999999
1582711680000	66.578	66.522	66.6	66.522	45.76
1582711740000	66.533	66.378	66.533	66.378	4.70819178
1582711800000	66.289	66.286	66.289	66.286	2.596
1582711860000	66.3	66.3	66.3	66.3	5.0
1582711920000	66.314	66.314	66.314	66.314	0.809783
1582712040000	66.256	66.328	66.328	66.256	15.31953654
1582712100000	66.315	66.262	66.328	66.261	74.68669759
1582712160000	66.327	66.327	66.327	66.327	1.0
1582712280000	66.33	66.4	66.4	66.33	20.0
1582712340000	66.521	66.521	66.521	66.521	0.1
1582712520000	66.515	66.519	66.519	66.515	2.0
1582712640000	66.518	66.55	66.55	66.518	3.3987
1582712760000	66.667	66.683	66.685	66.667	11.80931
1582712820000	66.574	66.574	66.574	66.574	0.7
1582712880000	66.498	66.498	66.498	66.498	0.2036225
1582713060000	66.686	66.756	66.756	66.686	39.98
1582713120000	66.788	66.911	66.911	66.788	3.01959397
1582713180000	66.933	66.968	66.968	66.844	246.56345163000003
1582713300000	66.981	66.874	66.981	66.874	6.879
1582713360000	66.869	66.823	66.869	66.823	6.043988730000001
1582713420000	66.87	66.87	66.87	66.87	1.5
1582713540000	66.91	66.921	66.921	66.91	4.21
1582713600000	66.99	66.92	66.99	66.92	1.46545
1582713720000	66.85	66.85	66.85	66.85	25.6
1582713780000	66.734	66.902	66.902	66.734	27.37553969
1582713840000	66.85	66.85	66.85	66.85	2.0
1582713900000	66.85	66.85	66.85	66.85	5.35908621
1582713960000	66.85	66.85	66.85	66.85	12.64091379
1582714020000	66.979	67.067	67.067	66.973	47.8856022
1582714080000	67.026	66.98	67.026	66.979	2.14865883
1582714140000	66.916	66.916	66.916	66.916	1.583
1582714260000	66.915	66.915	66.915	66.915	1.6
1582714500000	66.85	66.9	66.9	66.85	60.40341358
1582714620000	67.059	67.307	67.307	67.059	193.32964672
1582714680000	67.17	67.008	67.17	67.008	137.32652471
1582714800000	66.999	66.999	66.999	66.999	3.0
1582714860000	66.999	66.999	66.999	66.999	0.58085
1582714920000	67.0	67.0	67.0	67.0	0.1
1582714980000	67.0	67.0	67.0	67.0	19.9
1582715100000	67.049	66.999	67.049	66.999	12.870989999999999
1582715160000	67.0	67.003	67.024	67.0	8.03591779
1582715220000	66.898	66.898	66.898	66.898	0.5
1582715280000	66.878	66.879	66.879	66.878	0.91344156
1582715340000	66.878	66.776	66.878	66.751	31.26038224
1582715400000	66.704	66.706	66.733	66.695	32.100119989999996
1582715520000	66.7	66.7	66.7	66.7	0.6
1582715580000	66.699	66.699	66.699	66.699	0.1
1582715700000	66.694	66.518	66.694	66.518	81.127
1582715760000	66.53	66.53	66.53	66.53	0.69
1582715820000	66.495	66.418	66.495	66.418	6.051016
1582716000000	66.388	66.334	66.388	66.334	25.5
1582716060000	66.343	66.286	66.343	66.286	2.1
1582716120000	66.272	66.074	66.272	66.05	58.531
1582716180000	66.05	66.15	66.15	66.05	34.34171088
1582716240000	66.177	66.254	66.254	66.177	17.904780000000002
1582716300000	66.261	66.262	66.262	66.251	14.553996380000001
1582716360000	66.277	66.3	66.3	66.277	57.710448639999996
1582716480000	66.198	66.252	66.252	66.198	5.0
1582716540000	66.226	66.205	66.226	66.205	50.54430325
1582716600000	66.268	66.335	66.335	66.268	15.08059162
1582716660000	66.335	66.377	66.377	66.335	9.34540669
1582716900000	66.441	66.441	66.441	66.441	0.25
1582717020000	66.4	66.423	66.423	66.4	5.0
1582717080000	66.349	66.301	66.349	66.301	1.02013
1582717140000	66.301	66.223	66.301	66.223	10.02454319
1582717200000	66.075	66.049	66.075	66.039	10.60518
1582717320000	66.022	66.032	66.032	66.022	50.0
1582717380000	66.0	65.972	66.0	65.972	105.62524369
1582717440000	66.04	66.076	66.077	66.04	3.68957524
1582717500000	66.138	66.155	66.155	66.138	232.42502317
1582717680000	65.97	66.002	66.032	65.97	19.89206607
1582717740000	65.943	65.701	65.943	65.701	84.82668696
1582717800000	65.701	65.622	65.701	65.608	108.82464695
1582717860000	65.801	65.818	65.818	65.801	29.64434294
1582717920000	65.9	65.657	65.9	65.657	127.67928
1582717980000	65.7	65.745	65.745	65.7	6.18884985
1582718040000	65.801	65.909	65.909	65.801	6.265
1582718100000	65.981	65.982	65.982	65.981	20.0
1582718160000	65.9	65.9	65.9	65.9	6.067947
1582718220000	65.878	65.82	65.893	65.82	10.1
1582718280000	65.83	65.83	65.83	65.83	0.12928529
1582718340000	65.82	65.82	65.82	65.82	1.93909
1582718400000	65.82	66.119	66.119	65.82	96.60447223999999
1582718460000	66.113	66.366	66.366	66.113	8.594038139999999
1582718520000	66.332	66.378	66.424	66.332	9.18864261
1582718580000	66.275	66.369	66.37	66.192	26.472
1582718640000	66.319	65.98	66.35	65.98	98.05562417
1582718700000	66.017	65.673	66.017	65.673	45.68260651
1582718760000	65.579	64.777	65.579	64.583	2811.64450524
1582718820000	64.804	65.358	65.359	64.804	167.8539195
1582718880000	65.357	64.941	65.357	64.941	90.70388
1582718940000	65.084	65.359	65.359	65.084	323.27348375
1582719000000	65.461	65.996	66.188	65.461	130.65872542
1582719060000	65.971	66.442	66.442	65.957	1509.91089465
1582719120000	66.423	66.336	66.955	66.331	4547.60955327
1582719180000	66.379	66.349	66.429	66.334	53.25657992
1582719240000	66.537	66.655	66.655	66.534	45.681139699999996
1582719300000	66.684	66.98	66.98	66.684	21.69722594
1582719360000	66.977	66.694	67.269	66.694	248.79356581
1582719420000	66.697	66.8	66.811	66.697	567.33844015
1582719480000	66.929	66.896	66.938	66.896	9.53783946
1582719540000	66.992	66.994	67.0	66.976	103.90885331
1582719600000	66.955	66.967	66.968	66.947	10.49393975
1582719660000	67.0	67.372	67.378	67.0	896.96848178
1582719720000	67.156	67.2	67.2	67.123	204.3929804
1582719780000	67.211	67.034	67.285	67.034	225.64806742
1582719840000	67.093	66.898	67.093	66.898	13.01783635
1582719960000	66.95	67.106	67.115	66.95	53.988738
1582720080000	67.046	67.048	67.048	67.046	1.7649033
1582720140000	67.064	67.144	67.144	67.064	4.14727
1582720200000	67.242	67.275	67.314	67.242	68.65941517
1582720260000	67.25	67.389	67.389	67.25	10.753208650000001
1582720320000	67.389	67.39	67.479	67.298	463.40119416
1582720380000	67.319	67.374	67.418	67.319	3.20234369
1582720440000	67.443	67.579	67.614	67.414	33.51153451
1582720500000	67.64	67.67	67.695	67.562	362.52603646
1582720560000	67.661	67.645	67.701	67.615	51.0
1582720620000	67.615	67.507	67.635	67.488	104.06440245
1582720680000	67.5	67.511	67.511	67.5	0.48023440000000006
1582720800000	67.614	67.65	67.659	67.614	85.18766321
1582720860000	67.654	67.695	67.695	67.642	43.84380816
1582720920000	67.636	67.549	67.636	67.549	28.27746192
1582720980000	67.518	67.406	67.518	67.374	101.42518064
1582721040000	67.392	67.395	67.395	67.328	4.82190238
1582721100000	67.399	67.424	67.446	67.399	78.49485988
1582721160000	67.499	67.499	67.5	67.496	22.0
1582721220000	67.336	67.303	67.34	67.26	62.41726526
1582721280000	67.246	67.242	67.246	67.242	2.46610499
1582721340000	67.242	67.171	67.261	67.162	188.68767186
1582721400000	67.187	67.101	67.187	67.101	94.89388649
1582721460000	67.111	67.068	67.111	67.068	65.94898557
1582721580000	67.153	67.153	67.153	67.153	0.2
1582721640000	67.279	67.473	67.473	67.279	3.77916688
1582721700000	67.426	67.426	67.426	67.426	0.98
1582721820000	67.426	67.373	67.426	67.373	1.12
1582721880000	67.429	67.429	67.429	67.429	0.3
1582721940000	67.48	67.523	67.523	67.48	9.123000000000001
1582722000000	67.562	67.504	67.604	67.504	21.199748760000002
1582722060000	67.489	67.406	67.489	67.347	104.18199999
1582722120000	67.349	67.349	67.349	67.349	2.10957158
1582722180000	67.326	67.334	67.334	67.244	10.18827634
1582722240000	67.299	67.375	67.375	67.298	8.71625639
1582722300000	67.312	67.312	67.312	67.312	2.60652707
1582722360000	67.207	67.089	67.207	67.089	4.29067893
1582722420000	67.086	66.898	67.086	66.898	39.49695524
1582722480000	66.924	66.901	66.941	66.901	1.16687317
1582722540000	66.878	66.855	66.878	66.755	3.8162092
1582722600000	66.866	66.882	66.918	66.866	42.57879413
1582722660000	66.796	66.809	66.809	66.714	1.75
1582722720000	66.771	66.925	66.925	66.771	45.0
1582722780000	66.937	66.937	66.937	66.937	1.2254
1582722960000	66.853	66.694	66.853	66.694	12.01452887
1582723020000	66.674	66.633	66.674	66.633	4.2
1582723080000	66.592	66.585	66.594	66.519	103.82104221
1582723140000	66.585	66.551	66.662	66.531	5.92087884
1582723200000	66.651	66.65	66.651	66.65	1.3495
1582723260000	66.691	66.651	66.691	66.651	7.31
1582723440000	66.551	66.55	66.551	66.475	215.15
1582723500000	66.536	66.494	66.536	66.494	50.0
1582723560000	66.534	66.306	66.534	66.306	251.64008384
1582723620000	66.296	66.229	66.296	66.229	3.90722813
1582723680000	66.238	66.447	66.447	66.238	2.3
1582723800000	66.488	66.617	66.617	66.488	5.92475758
1582723860000	66.65	66.647	66.65	66.623	2.5
1582723920000	66.51	66.469	66.51	66.469	0.5
1582723980000	66.429	66.373	66.429	66.347	4.948538
1582724040000	66.306	66.25	66.306	66.25	25.5
1582724100000	66.231	66.171	66.231	66.171	4.31991497
1582724160000	66.143	66.142	66.143	66.142	4.26642958
1582724220000	66.134	66.134	66.134	66.134	16.73357042
1582724280000	66.102	66.102	66.102	66.102	0.1
1582724340000	66.102	66.021	66.102	66.021	19.82475758
1582724400000	66.103	66.102	66.103	66.102	0.30000000000000004
1582724460000	66.101	66.161	66.161	66.101	0.84024
1582724580000	66.202	66.365	66.365	66.202	1.25
1582724640000	66.31	66.374	66.374	66.31	40.0
1582724700000	66.323	66.0	66.323	66.0	14.45
1582724760000	66.098	66.061	66.17	66.061	20.620032469999998
1582724820000	66.02	66.02	66.02	66.02	0.25
1582724880000	65.98	65.985	65.996	65.857	30.03212418
1582724940000	65.984	65.998	65.998	65.984	1.375
1582725000000	65.922	65.532	65.922	65.532	353.47233646
1582725060000	65.531	65.613	65.712	65.392	265.96244274
1582725120000	65.613	65.587	65.619	65.286	196.23432548
1582725180000	65.584	65.551	65.584	65.481	50.20752293
1582725240000	65.449	65.2	65.482	65.2	16.57641019
1582725300000	65.238	65.204	65.417	65.204	174.96325101
1582725360000	65.167	65.51	65.602	64.663	481.25250305
1582725420000	65.49	65.328	65.49	65.245	8.21756266
1582725480000	65.344	65.093	65.437	65.041	569.34225476
1582725540000	65.221	65.33	65.525	65.221	15.20198857
1582725600000	65.327	65.11	65.327	65.002	347.19452957
1582725660000	65.108	64.691	65.108	64.691	290.8065108
1582725720000	64.691	64.867	64.976	64.691	18.42524121
1582725780000	64.895	64.998	65.061	64.112	2043.8891316
1582725840000	64.894	64.923	65.116	64.85	354.43191093
1582725900000	65.1	65.122	65.239	65.062	219.22128192
1582725960000	65.111	65.168	65.168	65.111	13.29665
1582726020000	65.133	65.5	65.5	65.133	88.50373329
1582726080000	65.508	65.966	65.966	65.508	485.09999999999997
1582726140000	65.934	65.658	65.934	65.609	45.10169866
1582726200000	65.631	65.449	65.673	65.449	159.92648352
1582726260000	65.462	65.479	65.496	65.411	39.84741508
1582726320000	65.408	65.42	65.42	65.408	8.25
1582726380000	65.505	65.659	65.659	65.505	627.15804654
1582726440000	65.531	65.514	65.531	65.49	1.374361
1582726500000	65.485	65.1	65.485	64.959	26.54429071
1582726560000	65.094	65.105	65.105	65.011	240.21661594
1582726620000	65.12	64.908	65.222	64.908	23.7869933
1582726680000	64.922	64.802	64.994	64.755	37.69593818
1582726740000	64.775	64.551	64.775	64.551	13.74528858
1582726800000	64.516	64.015	64.526	63.63	3560.18220353
1582726860000	63.978	63.622	63.978	63.0	2360.1898678000002
1582726920000	63.542	63.551	63.779	63.542	58.77942716
1582726980000	63.444	63.069	63.444	62.731	829.48782628
1582727040000	63.174	63.101	63.288	63.028	264.9257894
1582727100000	63.161	63.734	63.75	63.161	164.64260689
1582727160000	63.75	63.8	63.93	63.75	145.47512334
1582727220000	63.811	63.656	63.811	63.585	70.17065539
1582727280000	63.664	63.605	63.664	63.605	12.15641532
1582727340000	63.705	63.327	63.705	63.327	70.66607042
1582727400000	63.3	63.075	63.3	62.8	132.07690012
1582727460000	62.911	62.884	62.933	62.815	65.24605502
1582727520000	62.942	62.81	62.97	62.81	21.1
1582727580000	62.733	62.795	62.825	62.733	71.2
1582727640000	62.931	63.64	63.642	62.931	1076.88641906
1582727700000	63.549	64.015	64.015	63.538	742.1364283199999
1582727760000	63.902	63.737	63.923	63.516	254.16523186
1582727820000	63.722	63.793	63.793	63.722	1.56977744
1582727880000	63.755	63.646	63.755	63.554	131.0
1582727940000	63.672	63.931	63.931	63.668	176.07535963
1582728000000	63.93	64.029	64.15	63.93	226.59790909
1582728060000	64.028	63.911	64.028	63.911	3.14123
1582728120000	63.911	63.749	63.911	63.706	4.0549519400000005
1582728180000	63.793	63.749	63.809	63.734	15.24843327
1582728240000	63.696	63.6	63.697	63.6	19.25545384
1582728300000	63.6	63.236	63.6	63.236	294.03714828
1582728360000	63.235	63.36	63.454	63.235	171.14730996
1582728420000	63.344	63.56	63.565	63.344	24.25724062
1582728480000	63.468	63.482	63.569	63.468	11.22926101
1582728540000	63.504	63.525	63.525	63.49	2.23973242
1582728600000	63.693	63.727	63.727	63.693	1.097
1582728660000	63.7	63.85	63.857	63.7	159.93456321
1582728720000	63.929	63.947	63.947	63.896	135.532782
1582728780000	63.789	63.7	63.799	63.7	18.599999999999998
1582728840000	63.84	63.908	63.99	63.84	10.64449798
1582728900000	63.84	63.748	63.84	63.748	5.03030987
1582728960000	63.72	63.587	63.72	63.581	28.324533690000003
1582729080000	63.724	63.724	63.724	63.724	1.0
1582729140000	63.811	63.985	63.985	63.811	244.83981959
1582729200000	63.817	63.768	63.896	63.687	5.42711999
1582729260000	63.756	63.669	63.756	63.654	6.8856008
1582729320000	63.681	63.681	63.681	63.681	0.1
1582729380000	63.698	63.811	63.811	63.698	155.57442361
1582729440000	63.934	63.934	63.934	63.934	0.47531084
1582729500000	63.841	63.841	63.841	63.841	1.0
1582729560000	63.759	63.872	63.873	63.759	15.55384418
1582729620000	63.851	63.828	64.049	63.828	282.02911612
1582729680000	63.818	63.615	63.819	63.615	60.87855166
1582729740000	63.614	63.531	63.691	63.531	28.26356765
1582729800000	63.531	63.483	63.566	63.368	14.43080086
1582729860000	63.511	63.39	63.511	63.39	2.4036729
1582729920000	63.39	63.297	63.39	63.174	12.12759293
1582729980000	63.202	63.171	63.317	63.171	8.49693925
1582730040000	63.139	63.013	63.139	62.89	77.42245528
1582730100000	63.104	63.42	63.42	63.095	15.265437
1582730160000	63.474	63.568	63.568	63.399	56.0
1582730220000	63.556	63.203	63.556	63.203	3.63138
1582730340000	63.133	63.122	63.133	63.122	5.5
1582730400000	63.097	63.112	63.112	63.097	39.44577547
1582730460000	63.351	63.448	63.448	63.349	308.07528758999996
1582730520000	63.371	63.212	63.468	63.212	91.42891447
1582730580000	63.212	63.204	63.215	63.204	3.17555825
1582730640000	63.094	62.949	63.094	62.949	21.85508722
1582730700000	63.0	63.0	63.0	63.0	4.26136364
1582730760000	62.918	62.983	62.983	62.816	21.33083783
1582730820000	63.085	62.828	63.107	62.828	469.77471466
1582730940000	62.975	63.1	63.101	62.965	1910.85391462
1582731000000	62.912	62.953	62.969	62.783	30.32930341
1582731060000	63.021	63.059	63.073	63.0	683.20848882
1582731120000	63.041	63.246	63.246	63.0	86.21830113
1582731180000	63.25	63.378	63.395	63.25	254.34654787
1582731240000	63.378	63.317	63.38	63.288	38.79149802
1582731300000	63.233	63.233	63.236	63.233	26.15564331
1582731360000	63.32	63.437	63.455	63.32	8.9487284
1582731420000	63.499	63.5	63.5	63.499	15.932748700000001
1582731480000	63.5	63.69	63.69	63.5	239.95997574
1582731540000	63.699	63.655	63.699	63.655	6.562
1582731600000	63.596	63.76	63.76	63.596	10.8685578
1582731660000	63.75	63.817	63.827	63.75	4.71779472
1582731720000	63.828	63.818	63.997	63.818	89.75499008999999
1582731780000	63.914	63.847	64.0	63.832	1006.70333528
1582731840000	63.801	63.8	63.801	63.713	13.23525034
1582731900000	63.8	63.819	63.819	63.8	15.62414665
1582731960000	63.9	63.986	64.001	63.9	123.48104833
1582732020000	63.966	63.962	63.966	63.929	6.505097
1582732080000	63.94	63.709	63.959	63.709	88.67741227
1582732140000	63.756	63.502	63.756	63.502	55.533488
1582732200000	63.573	63.694	63.694	63.573	7.24802757
1582732260000	63.611	63.598	63.611	63.598	7.744639080000001
1582732320000	63.589	63.459	63.589	63.459	37.88585757
1582732380000	63.501	63.261	63.559	63.261	45.04117325
1582732440000	63.319	63.387	63.468	63.319	138.71644557
1582732500000	63.439	63.378	63.44	63.378	2.362
1582732560000	63.282	63.133	63.282	63.122	401.8
1582732620000	63.214	63.214	63.214	63.214	15.0
1582732680000	63.221	63.111	63.221	63.11	27.14885148
1582732740000	63.168	63.201	63.201	63.168	0.6546018499999999
1582732800000	63.12	62.709	63.12	62.709	64.9035999
1582732860000	62.706	63.241	63.241	62.234	1944.08285247
1582732920000	63.318	63.521	63.771	63.318	301.73824569
1582732980000	63.543	63.495	63.554	63.351	137.88490214
1582733040000	63.438	63.466	63.466	63.238	31.20289142
1582733100000	63.346	63.078	63.346	63.078	21.78077491
1582733160000	63.077	62.852	63.228	62.745	286.29329148
1582733220000	62.82	62.531	62.82	62.53	137.89973146
1582733280000	62.541	62.198	62.639	62.198	371.76479344
1582733340000	62.195	61.301	62.195	61.244	3098.45738596
1582733400000	61.255	61.505	61.505	61.01	1041.5363179
1582733460000	61.505	61.217	61.548	61.209	277.23839257
1582733520000	61.144	61.4	61.536	61.144	34.13016972
1582733580000	61.38	61.154	61.424	61.154	398.77141229
1582733640000	61.28	61.279	61.28	61.233	2.91970478
1582733700000	61.245	61.12	61.336	61.01	116.66132
1582733760000	61.198	61.135	61.214	61.073	259.47862202
1582733820000	61.186	60.962	61.186	60.504	1343.58645865
1582733880000	60.808	61.078	61.084	60.767	101.10904020000001
1582733940000	60.945	61.0	61.0	60.79	50.328275250000004
1582734000000	60.948	60.683	61.009	60.621	118.04096123000001
1582734060000	60.653	61.067	61.067	60.653	327.79491706
1582734120000	60.985	61.141	61.615	60.985	256.20228398
1582734180000	61.051	61.395	61.524	61.016	157.10940596999998
1582734240000	61.313	61.318	61.413	61.183	739.54638213
1582734300000	61.328	61.437	61.5	61.25	681.0643
1582734360000	61.46	61.5	61.5	61.449	585.84413138
1582734420000	61.5	61.5	61.5	61.499	267.2256554
1582734480000	61.5	61.812	61.812	61.499	1131.14419129
1582734540000	61.708	61.8	61.899	61.708	504.52318549
1582734600000	61.934	62.239	62.296	61.934	174.40834697
1582734660000	62.231	61.566	62.231	61.502	1077.3501667799999
1582734720000	61.571	61.622	61.711	61.476	166.416585
1582734780000	61.555	61.572	61.572	61.486	206.17148
1582734840000	61.582	61.635	61.689	61.551	30.87466304
1582734900000	61.391	61.32	61.391	61.312	8.37441361
1582734960000	61.441	61.41	61.441	61.306	19.589945269999998
1582735020000	61.4	61.271	61.4	61.122	240.02768672
1582735080000	61.335	61.403	61.554	61.335	117.38969999999999
1582735140000	61.328	61.041	61.328	60.92	211.7672201
1582735200000	61.122	61.158	61.158	60.956	102.3361
1582735260000	61.125	60.845	61.125	60.75	49.15825978
1582735320000	60.883	60.99	60.99	60.873	76.31138239
1582735380000	61.095	60.85	61.095	60.85	106.88547204
1582735440000	60.804	60.501	60.834	60.501	316.42211774
1582735500000	60.524	60.577	60.577	60.32	1926.02272442
1582735560000	60.69	60.604	61.0	60.45	894.24559671
1582735620000	60.627	60.834	60.882	60.32	1554.64035426
1582735680000	60.821	60.777	60.882	60.561	116.645432
1582735740000	60.61	60.695	60.93	60.553	108.67970783999999
1582735800000	60.722	60.9	60.936	60.716	146.69589433
1582735860000	60.934	61.509	61.6	60.917	481.61421685
1582735920000	61.529	61.277	61.801	61.04	377.79563999
1582735980000	61.191	61.191	61.247	61.19	70.24450972
1582736040000	61.151	61.381	61.4	61.151	45.90793863
1582736100000	61.35	61.509	61.586	61.35	157.86821625
1582736160000	61.439	61.555	61.783	61.439	245.98607414
1582736220000	61.788	61.835	61.91	61.708	100.97951881
1582736280000	61.831	61.729	61.866	61.729	128.02574173
1582736340000	61.807	61.894	62.0	61.738	98.20765128
1582736400000	61.812	61.647	61.812	61.647	68.6
1582736460000	61.68	61.771	61.788	61.589	40.0724608
1582736520000	61.738	61.827	61.827	61.691	17.0
1582736580000	61.883	61.957	62.133	61.883	156.20167303
1582736640000	61.875	61.8	61.965	61.8	131.7594287
1582736700000	61.752	61.624	61.892	61.624	305.61006925
1582736760000	61.543	61.473	61.543	61.411	187.91287954
1582736820000	61.475	61.546	61.546	61.475	50.88537763
1582736880000	61.429	61.481	61.481	61.429	26.5331482
1582736940000	61.405	61.364	61.456	61.364	28.30421932
1582737000000	61.466	61.436	61.466	61.388	2.64367159
1582737060000	61.446	61.46	61.531	61.446	190.18620106999998
1582737120000	61.421	61.355	61.481	61.355	9.47041072
1582737180000	61.28	60.958	61.28	60.919	243.21195302
1582737240000	60.98	60.764	61.055	60.764	91.591309
1582737300000	60.706	60.377	60.818	60.22	1779.79307915
1582737360000	60.246	60.254	60.444	60.246	89.47722875
1582737420000	60.472	60.491	60.491	60.26	96.93193028
1582737480000	60.405	60.405	60.405	60.405	3.5
1582737540000	60.38	60.421	60.421	60.379	7.82449224
1582737600000	60.588	60.549	60.588	60.414	17.81995256
1582737660000	60.632	60.741	60.741	60.622	94.66751094
1582737720000	60.821	60.678	60.829	60.652	43.8379
1582737780000	60.872	60.777	60.877	60.72	32.14317574
1582737840000	60.722	60.72	60.851	60.72	10.21778088
1582737900000	60.837	60.886	61.011	60.837	121.63322690999999
1582737960000	60.896	60.842	60.896	60.842	6.43876059
1582738020000	60.946	60.905	60.946	60.905	1.15
1582738080000	60.831	60.695	60.831	60.695	11.4114
1582738140000	60.719	60.553	60.732	60.5	54.704575320000004
1582738200000	60.492	60.492	60.492	60.369	20.98942006
1582738260000	60.422	60.424	60.435	60.356	6.43676533
1582738320000	60.391	60.375	60.391	60.375	2.3967
1582738380000	60.335	59.868	60.335	59.833	1175.01930011
1582738440000	59.941	59.729	59.97	59.0	1905.43558708
1582738500000	59.728	59.343	59.747	59.343	155.94976148
1582738560000	59.122	59.075	59.129	58.669	2102.08715832
1582738620000	59.028	59.024	59.205	58.877	157.39858333
1582738680000	59.126	59.305	59.305	59.126	3.56663009
1582738740000	59.3	59.058	59.3	59.045	85.88526453
1582738800000	59.057	59.069	59.07	58.875	228.69718672
1582738860000	59.179	59.269	59.269	59.163	48.3955099
1582738920000	59.351	59.453	59.453	59.251	263.48369611
1582738980000	59.546	59.607	59.689	59.546	41.65547
1582739040000	59.634	59.501	59.685	59.47	258.81279606
1582739100000	59.535	59.356	59.536	59.344	168.17720667999998
1582739160000	59.249	57.732	59.249	57.659	1857.68786993
1582739220000	57.658	58.619	58.917	57.467	2019.4357761200001
1582739280000	58.53	58.602	58.782	58.4	126.15171902
1582739340000	58.763	58.34	58.912	58.34	151.23123872
1582739400000	58.449	58.617	58.617	58.437	408.01114
1582739460000	58.63	58.681	58.704	58.482	182.10465043
1582739520000	58.71	59.034	59.035	58.71	185.69317
1582739580000	59.037	59.199	59.199	59.037	156.74296594
1582739640000	59.12	59.059	59.12	59.0	11.42607965
1582739700000	59.001	58.983	59.001	58.919	10.48424
1582739760000	59.063	59.468	59.47	59.047	193.39246022
1582739820000	59.521	60.107	60.108	59.472	196.17628440000001
1582739880000	60.129	59.936	60.165	59.695	64.94189361
1582739940000	59.836	59.958	60.021	59.703	23.09192721
1582740000000	59.913	59.8	59.973	59.718	73.19156278
1582740060000	59.807	60.291	60.291	59.807	118.44055130000001
1582740120000	60.301	60.489	60.489	60.301	144.22903706
1582740180000	60.489	61.029	61.08	60.488	371.1808456
1582740240000	60.862	60.815	60.932	60.669	119.43014474
1582740300000	60.877	60.845	60.987	60.845	123.42206984
1582740360000	60.836	60.655	60.836	60.543	228.5484988
1582740420000	60.619	60.668	60.704	60.559	224.80625706
1582740480000	60.703	60.432	60.768	60.282	270.07361056999997
1582740540000	60.466	60.57	60.681	60.466	51.24051902
1582740600000	60.697	60.85	60.85	60.697	16.31716155
1582740660000	60.826	60.9	60.9	60.826	11.992377900000001
1582740720000	60.875	60.862	60.9	60.862	40.994031899999996
1582740780000	60.872	60.9	60.9	60.872	2.3000000000000003
1582740840000	60.9	61.315	61.315	60.9	240.94508514999998
1582740900000	61.344	61.262	61.344	61.053	282.21307029999997
1582740960000	61.254	61.095	61.254	61.084	64.05427509
1582741020000	61.104	61.14	61.14	61.0	266.27292491000003
1582741080000	61.14	61.226	61.226	61.1	14.68905154
1582741140000	61.226	61.24	61.24	61.084	59.71060771
1582741200000	61.161	61.097	61.161	61.07	25.05943532
1582741260000	61.123	60.876	61.123	60.541	310.48632791
1582741320000	60.92	60.956	60.956	60.827	26.27135064
1582741380000	60.897	60.99	60.99	60.897	3.72981309
1582741440000	61.09	61.246	61.246	61.045	270.21523215
1582741500000	61.21	61.252	61.252	61.195	449.13504283000003
1582741560000	61.17	61.3	61.3	61.17	61.75
1582741620000	61.22	61.22	61.22	61.22	0.5
1582741680000	61.231	61.17	61.231	61.17	255.24394601999998
1582741740000	61.1	60.8	61.1	60.8	132.72120993
1582741800000	60.757	60.785	60.785	60.674	26.95996889
1582741860000	60.888	61.0	61.0	60.888	94.28712417
1582741920000	61.027	61.003	61.08	60.996	9.095495
1582741980000	61.062	61.077	61.077	61.062	7.19006907
1582742040000	61.089	61.1	61.1	61.05	12.84165174
1582742100000	61.099	61.187	61.187	61.093	9.0003
1582742160000	61.188	61.143	61.188	61.101	84.0
1582742220000	61.212	61.311	61.311	61.212	26.12827014
1582742280000	61.303	61.282	61.507	61.267	505.42236809
1582742340000	61.257	61.279	61.452	61.257	505.40551376
1582742400000	61.367	61.481	61.481	61.32	46.80249292
1582742460000	61.481	61.461	61.615	61.337	582.30841361
1582742520000	61.422	61.507	61.507	61.422	10.43340731
1582742580000	61.562	61.8	61.881	61.562	685.79118945
1582742640000	61.878	62.038	62.084	61.878	477.42473966
1582742700000	61.93	61.69	61.93	61.622	119.8584699
1582742760000	61.752	61.524	61.752	61.437	40.62402902
1582742820000	61.513	61.481	61.526	61.415	10.85791889
1582742880000	61.603	61.646	61.646	61.601	5.1
1582742940000	61.614	61.601	61.751	61.601	2.8019879100000002
1582743000000	61.665	61.864	61.864	61.665	6.83921
1582743060000	61.842	61.793	61.842	61.774	135.3786922
1582743120000	61.8	61.794	61.896	61.794	22.284
1582743180000	61.707	61.799	61.799	61.703	8.0
1582743240000	61.8	61.806	61.806	61.8	50.1204318
1582743300000	61.9	62.029	62.029	61.9	38.5
1582743360000	62.079	62.201	62.203	62.059	113.23066
1582743420000	62.242	62.334	62.334	62.241	91.81542833
1582743480000	62.4	62.265	62.448	62.254	38.52336514
1582743540000	62.335	62.312	62.38	62.114	165.80183044
1582743600000	62.281	62.138	62.281	62.138	130.7484675
1582743660000	62.11	62.22	62.278	61.902	286.79548934
1582743720000	62.181	62.138	62.28	62.026	67.83820229
1582743780000	62.176	62.094	62.178	62.094	196.87831071
1582743840000	62.074	62.148	62.158	62.074	3.1
1582743900000	62.137	62.38	62.38	62.128	23.67459771
1582743960000	62.391	62.146	62.424	62.146	189.14155669
1582744020000	62.18	62.139	62.182	62.139	18.11805311
1582744080000	62.144	62.112	62.294	62.112	79.1816896
1582744140000	62.118	62.0	62.123	62.0	65.39720044
1582744200000	62.001	62.0	62.001	62.0	15.11053819
1582744260000	62.0	61.657	62.0	61.657	298.99862747
1582744320000	61.658	61.384	61.791	61.384	162.77800557
1582744380000	61.496	61.518	61.656	61.496	23.766
1582744440000	61.613	61.345	61.613	61.345	55.67003565
1582744500000	61.375	61.669	61.669	61.372	73.72933375
1582744560000	61.696	61.73	61.775	61.696	25.89576311
1582744620000	61.766	61.64	61.786	61.64	11.489
1582744680000	61.64	61.442	61.64	61.442	21.37346557
1582744740000	61.463	61.387	61.463	61.387	129.749976
1582744800000	61.541	61.494	61.541	61.494	11.993298
1582744860000	61.48	61.74	61.769	61.48	35.47197
1582744920000	61.736	61.856	61.856	61.736	15.90360005
1582744980000	61.774	61.774	61.774	61.774	1.170814
1582745040000	61.873	61.92	61.92	61.823	20.23442684
1582745100000	61.868	61.869	61.869	61.868	20.0
1582745160000	61.84	61.724	61.84	61.722	12.78
1582745220000	61.819	61.936	61.936	61.819	269.75204931999997
1582745280000	61.941	61.829	61.941	61.829	1.0114100000000001
1582745400000	61.837	61.904	61.938	61.821	14.03296168
1582745460000	61.963	62.124	62.124	61.963	3.8525
1582745520000	62.151	62.204	62.204	62.151	0.75
1582745580000	62.231	62.039	62.231	62.039	6.6708
1582745640000	62.032	61.99	62.151	61.99	6.80234302
1582745700000	62.15	62.15	62.15	62.15	0.94941419
1582745760000	62.204	62.231	62.231	62.204	16.94
1582745820000	62.231	62.231	62.299	62.231	59.902337710000005
1582745880000	62.3	62.253	62.3	62.253	6.10837
1582745940000	62.311	62.419	62.421	62.311	30.3
1582746000000	62.443	62.349	62.472	62.349	2.062
1582746060000	62.349	62.396	62.396	62.349	2.00319
1582746120000	62.466	62.394	62.472	62.394	39.677917
1582746180000	62.472	62.552	62.552	62.472	177.51538166999998
1582746240000	62.541	62.394	62.575	62.394	40.124440750000005
1582746360000	62.39	62.353	62.39	62.349	15.0
1582746420000	62.49	62.472	62.5	62.43	45.47825594
1582746480000	62.449	62.482	62.482	62.449	400.5
1582746540000	62.372	62.455	62.455	62.372	5.373
1582746600000	62.408	62.349	62.408	62.349	197.71245276000002
1582746660000	62.354	62.325	62.354	62.325	2.0
1582746720000	62.4	62.4	62.4	62.4	0.978
1582746840000	62.399	62.399	62.399	62.39	4.249999
1582746900000	62.4	62.591	62.602	62.4	87.18893919
1582746960000	62.605	62.605	62.605	62.605	0.25
1582747140000	62.611	62.583	62.611	62.583	20.23091852
1582747200000	62.611	62.568	62.611	62.56	11.127765
1582747260000	62.569	62.446	62.569	62.42	128.26577707
1582747320000	62.458	62.416	62.458	62.416	75.48863919
1582747380000	62.462	62.418	62.462	62.292	153.7593
1582747440000	62.461	62.435	62.461	62.379	137.62312465
1582747560000	62.38	62.217	62.38	62.217	82.04968148
1582747620000	62.219	62.202	62.219	62.152	255.15846556
1582747680000	62.194	62.159	62.194	62.159	56.3254294
1582747740000	62.25	62.252	62.252	62.25	92.52657483
1582747800000	62.365	62.391	62.391	62.365	0.5
1582747860000	62.346	62.418	62.418	62.346	1.25
1582747980000	62.445	62.472	62.472	62.445	0.5
1582748040000	62.498	62.614	62.614	62.498	12.66280024
1582748100000	62.613	62.613	62.613	62.613	1.0
1582748160000	62.632	62.659	62.659	62.611	3.7099
1582748220000	62.659	62.729	62.782	62.659	21.35681569
1582748280000	62.732	62.686	62.732	62.686	5.23292135
1582748340000	62.735	62.54	62.735	62.54	15.0
1582748400000	62.659	62.659	62.659	62.659	0.1
1582748460000	62.539	62.543	62.543	62.486	1.3829
1582748520000	62.536	62.536	62.536	62.536	15.0
1582748640000	62.459	62.332	62.459	62.332	510.1
1582748760000	62.386	62.361	62.386	62.28	58.31067156
1582748880000	62.345	62.497	62.498	62.345	5.05109746
1582748940000	62.525	62.671	62.671	62.525	100.75
1582749000000	62.623	62.712	62.729	62.623	100.0
1582749060000	62.538	62.466	62.538	62.244	318.0812821
1582749180000	62.311	62.372	62.414	62.311	1.3
1582749240000	62.448	62.448	62.448	62.448	0.1
1582749300000	62.472	62.525	62.525	62.472	2.4990410499999998
1582749360000	62.472	62.473	62.473	62.471	6.6000000000000005
1582749420000	62.385	62.316	62.399	62.246	53.295179759999996
1582749480000	62.306	62.326	62.328	62.219	410.1
1582749720000	62.388	62.247	62.388	62.247	16.519911
1582749780000	62.301	62.301	62.301	62.301	19.9
1582749840000	62.381	62.398	62.398	62.381	14.01588028
1582749900000	62.443	62.445	62.445	62.443	20.25
1582749960000	62.472	62.479	62.498	62.472	1.0
1582750080000	62.384	62.086	62.384	62.044	292.91601
1582750140000	62.032	62.045	62.105	61.925	220.23621741
1582750200000	62.082	61.802	62.082	61.802	406.27862555
1582750260000	61.865	62.051	62.051	61.865	35.50091969
1582750320000	62.043	62.07	62.07	62.011	15.69818108
1582750380000	62.034	61.82	62.034	61.82	354.22211142
1582750440000	61.832	61.89	61.89	61.829	29.600881440000002
1582750500000	62.001	62.001	62.001	62.001	1.69
1582750560000	61.944	61.97	62.03	61.944	12.3
1582750680000	61.845	61.783	61.845	61.783	19.0
1582750740000	61.803	61.884	61.884	61.803	13.07
1582750800000	61.815	61.726	61.815	61.725	2.25
1582750860000	61.806	61.889	61.889	61.806	5.39198737
1582750920000	61.886	61.99	61.99	61.886	15.94017403
1582750980000	62.017	62.097	62.097	62.017	32.127888580000004
1582751040000	61.996	61.996	61.996	61.996	1.0
1582751100000	61.94	61.94	61.94	61.94	1.9
1582751160000	61.959	61.97	61.97	61.959	19.35291493
1582751220000	62.097	62.124	62.124	62.097	6.323
1582751280000	62.151	62.176	62.176	62.151	2.168
1582751460000	62.171	62.257	62.257	62.171	4.35
1582751520000	62.258	62.338	62.338	62.258	6.0
1582751580000	62.365	62.191	62.433	62.191	30.69638628
1582751640000	62.165	62.125	62.165	62.125	8.0506957
1582751700000	62.276	62.271	62.276	62.271	4.0
1582751760000	62.244	62.365	62.365	62.243	17.22954615
1582751820000	62.331	62.292	62.332	62.292	4.22641851
1582751880000	62.287	62.22	62.318	62.22	20.117356739999998
1582751940000	62.202	62.202	62.202	62.202	2.0
1582752000000	62.166	62.165	62.166	62.165	0.38286034999999996
1582752060000	62.172	62.0	62.172	61.99	38.41442832
1582752120000	62.004	61.936	62.004	61.915	68.10000000000001
1582752180000	61.92	61.912	61.92	61.912	0.542
1582752240000	61.911	61.914	61.978	61.802	18.85
1582752360000	61.927	61.91	61.927	61.91	19.99987656
1582752720000	61.92	61.92	61.92	61.92	0.1
1582752840000	61.81	61.79	61.81	61.682	126.12432531
1582752900000	61.656	61.519	61.656	61.519	9.26788306
1582752960000	61.502	61.514	61.534	61.402	131.99951194
1582753020000	61.428	61.404	61.428	61.35	86.96374415999999
1582753080000	61.369	61.35	61.371	61.35	236.38806338
1582753140000	61.35	61.255	61.35	61.255	97.43038043
1582753200000	61.256	61.39	61.402	61.256	120.76215287000001
1582753260000	61.255	61.134	61.255	61.134	35.85443341
1582753320000	61.151	61.203	61.203	61.15	36.72493003
1582753380000	61.348	61.454	61.454	61.347	16.64905913
1582753440000	61.392	61.201	61.392	61.201	3.6716078899999998
1582753500000	61.299	61.313	61.313	61.299	10.1
1582753560000	61.22	61.22	61.22	61.22	1.63283967
1582753620000	61.224	61.0	61.224	61.0	325.83395449
1582753680000	61.0	60.961	61.001	60.961	236.32599821
1582753740000	60.934	61.047	61.047	60.885	59.73819883
1582753800000	61.019	61.037	61.037	60.916	310.73586082
1582753860000	60.888	60.753	60.892	60.722	35.40136
1582753920000	60.719	60.719	60.719	60.719	2.0
1582753980000	60.719	60.718	60.799	60.718	34.52110898
1582754040000	60.7	60.709	60.725	60.7	32.17531393
1582754100000	60.699	60.8	60.801	60.694	205.17625592000002
1582754160000	60.801	60.898	60.898	60.801	15.957
1582754220000	61.0	61.054	61.054	61.0	0.75
1582754280000	61.079	60.985	61.079	60.985	9.70053425
1582754340000	60.95	60.922	60.973	60.922	9.21336228
1582754400000	60.854	60.85	60.868	60.85	61.01641076
1582754460000	60.85	60.55	60.851	60.55	158.00023675
1582754520000	60.55	60.394	60.55	60.318	115.63955325
1582754580000	60.35	60.292	60.35	60.292	50.57546723
1582754640000	60.292	60.477	60.477	60.292	88.35200544
1582754700000	60.477	60.716	60.718	60.477	70.68148251
1582754760000	60.71	60.742	60.791	60.71	40.44829569
1582754820000	60.7	60.691	60.742	60.673	53.53030688
1582754880000	60.769	60.799	60.8	60.738	53.154504349999996
1582754940000	60.866	60.84	60.867	60.84	14.43801286
1582755000000	60.9	60.918	60.926	60.9	36.7465946
1582755060000	60.92	60.923	61.011	60.92	219.25027192
1582755120000	60.931	60.929	60.931	60.92	17.4693077
1582755180000	60.965	60.979	60.979	60.965	40.86219443
1582755240000	60.979	60.98	60.98	60.968	65.44238888
1582755300000	60.949	60.92	60.949	60.92	14.049999999999999
1582755480000	61.026	60.975	61.026	60.96	20.0
1582755540000	60.92	60.752	60.92	60.752	132.82998358
1582755600000	60.738	60.819	60.819	60.738	1.7
1582755660000	60.803	60.803	60.803	60.803	0.8227
1582755720000	60.726	60.726	60.726	60.726	7.14208048
1582755840000	60.674	60.592	60.674	60.584	78.1
1582755900000	60.601	60.672	60.672	60.595	15.42700609
1582755960000	60.646	60.646	60.646	60.645	74.06656751
1582756080000	60.801	60.801	60.801	60.801	16.57295532
1582756140000	60.917	60.917	61.0	60.917	67.51116632
1582756200000	60.826	60.815	60.826	60.815	2.42886672
1582756260000	60.815	60.815	60.815	60.815	7.56696055
1582756320000	60.815	60.815	60.815	60.815	7.36325188
1582756380000	60.826	61.028	61.028	60.826	93.50353
1582756440000	61.049	61.094	61.15	61.049	317.15026737
1582756500000	61.114	61.234	61.275	61.114	134.59973956
1582756560000	61.28	61.4	61.4	61.28	42.93456268
1582756620000	61.361	61.311	61.481	61.311	26.16808916
1582756680000	61.322	61.321	61.322	61.321	1.1
1582756740000	61.331	61.331	61.331	61.331	0.1
1582756800000	61.32	61.482	61.482	61.318	23.891472840000002
1582756860000	61.482	61.665	61.709	61.482	118.18413319
1582756920000	61.648	61.67	61.746	61.648	90.95125
1582757040000	61.523	61.467	61.523	61.447	103.12287279
1582757100000	61.442	61.395	61.442	61.395	7.95112349
1582757160000	61.421	61.362	61.474	61.362	60.4
1582757220000	61.39	61.39	61.39	61.39	7.68975811
1582757280000	61.335	61.255	61.335	61.255	1.0
1582757340000	61.228	61.348	61.348	61.128	111.88668216
1582757460000	61.214	61.122	61.214	61.099	25.35126749
1582757520000	61.095	61.095	61.095	61.095	0.1
1582757640000	61.2	61.2	61.2	61.2	1.0
1582757820000	61.124	61.132	61.132	61.124	10.311
1582757880000	61.208	61.268	61.268	61.208	16.0
1582757940000	61.276	61.276	61.276	61.276	0.37365684
1582758000000	61.122	61.123	61.123	61.122	20.0
1582758120000	61.135	61.135	61.135	61.135	151.0
1582758180000	61.32	61.348	61.348	61.32	2.29451994
1582758240000	61.375	61.696	61.696	61.375	254.505
1582758300000	61.503	61.586	61.586	61.442	35.854612790000004
1582758360000	61.425	61.415	61.425	61.415	10.02526039
1582758420000	61.417	61.417	61.417	61.417	1.83814
1582758480000	61.558	61.673	61.673	61.558	25.89469898
1582758540000	61.522	61.51	61.522	61.49	66.25340146
1582758600000	61.68	61.665	61.68	61.665	0.6
1582758660000	61.662	61.469	61.671	61.469	105.95
1582758720000	61.442	61.39	61.442	61.389	4.19278088
1582758780000	61.362	61.348	61.391	61.335	6.5
1582758840000	61.347	61.211	61.347	61.201	7.18601807
1582758900000	61.214	61.214	61.214	61.214	0.6
1582759020000	61.201	61.094	61.215	61.094	2.15
1582759080000	61.068	61.195	61.195	61.041	21.8027
1582759140000	61.121	61.121	61.121	61.121	20.0
1582759200000	61.122	61.122	61.122	61.122	3.0
1582759260000	61.137	61.137	61.137	61.137	10.0
1582759320000	61.166	61.132	61.166	61.132	12.69325134
1582759380000	61.136	61.136	61.136	61.136	20.0
1582759440000	61.118	61.118	61.118	61.118	6.37134442
1582759500000	61.105	61.152	61.152	61.105	2.4267059900000003
1582759560000	61.267	61.435	61.481	61.267	105.52437998
1582759620000	61.482	61.508	61.508	61.482	0.5
1582759680000	61.534	61.557	61.557	61.534	10.0
1582759740000	61.503	61.562	61.562	61.502	20.25
1582759800000	61.589	61.654	61.669	61.589	10.1
1582759860000	61.693	61.656	61.693	61.634	8.96504034
1582759920000	61.63	61.483	61.63	61.483	19.7269398
1582759980000	61.552	61.415	61.552	61.415	24.48126
1582760040000	61.39	61.362	61.39	61.307	8.26108142
1582760100000	61.431	61.47	61.491	61.426	1.81342424
1582760160000	61.394	61.35	61.394	61.35	100.0
1582760220000	61.318	61.312	61.318	61.302	172.68991677
1582760280000	61.451	61.401	61.451	61.401	76.46992192
1582760340000	61.38	61.28	61.38	61.28	14.2295333
1582760400000	61.28	61.291	61.291	61.28	68.05298119
1582760520000	61.292	61.255	61.292	61.255	0.83
1582760700000	61.228	61.109	61.228	61.109	40.0
1582760760000	61.111	61.097	61.111	61.097	0.6
1582760820000	61.094	61.016	61.094	61.015	10.8638729
1582760880000	61.095	61.095	61.095	61.095	10.428
1582760940000	61.014	60.986	61.05	60.864	60.9599
1582761000000	60.985	60.813	60.985	60.8	3.97734031
1582761060000	60.835	61.019	61.019	60.835	34.62740837
1582761120000	61.024	61.05	61.05	61.024	6.782
1582761180000	61.052	61.052	61.052	61.052	18.8
1582761240000	61.031	61.032	61.032	61.031	18.0
1582761360000	60.906	60.906	60.906	60.906	0.1
1582761420000	60.827	60.827	60.827	60.827	0.25
1582761540000	60.818	60.596	60.82	60.596	27.92951813
1582761600000	60.645	60.541	60.685	60.54	356.70460066
1582761660000	60.542	60.037	60.591	59.703	1708.88596445
1582761720000	60.13	60.389	60.389	60.014	434.44656701
1582761780000	60.422	60.29	60.422	60.29	8.2268629
1582761840000	60.274	60.123	60.308	60.075	22.61452724
1582761900000	60.054	60.0	60.054	59.983	44.01413774
1582761960000	59.855	59.821	59.89	59.821	83.73
1582762020000	59.89	59.6	59.905	59.559	293.82312347
1582762080000	59.6	59.863	59.863	59.6	102.15577858
1582762140000	59.922	60.11	60.395	59.922	2888.8269408
1582762200000	60.017	60.01	60.179	59.9	1026.73777695
1582762260000	59.942	59.942	60.069	59.813	1079.42166225
1582762320000	59.994	60.119	60.119	59.994	62.67442757
1582762380000	60.04	59.815	60.04	59.815	7.01294303
1582762440000	59.736	59.757	59.835	59.736	11.256785359999999
1582762500000	59.836	59.665	59.912	59.665	99.05476039999999
1582762560000	59.603	59.366	59.603	59.253	864.29610736
1582762620000	59.27	59.24	59.344	59.0	346.48780952
1582762680000	59.2	59.067	59.366	59.036	1375.77870148
1582762740000	59.099	59.197	59.197	59.061	51.08621897
1582762800000	59.311	59.355	59.355	59.282	24.78418298
1582762860000	59.243	59.083	59.243	59.0	186.51038987
1582762920000	59.012	59.024	59.056	58.971	157.80003177
1582762980000	58.973	59.026	59.223	58.965	1003.68833
1582763040000	59.154	59.166	59.166	59.154	19.085162190000002
1582763100000	59.249	59.142	59.328	59.111	220.08086229
1582763160000	59.086	59.168	59.178	59.086	58.73851098
1582763220000	59.191	59.233	59.239	59.171	40.76057061
1582763280000	59.428	59.545	59.676	59.428	100.74595256
1582763340000	59.477	59.297	59.477	59.297	28.13678251
1582763400000	59.284	59.059	59.284	59.013	22.87521031
1582763460000	59.201	58.959	59.201	58.959	109.1936324
1582763520000	58.949	58.971	59.016	58.889	236.12887802
1582763580000	58.928	59.1	59.1	58.927	22.20023775
1582763640000	59.1	58.957	59.1	58.889	153.59151696
1582763700000	59.023	58.889	59.023	58.889	45.99524461
1582763760000	58.924	58.71	58.924	58.71	53.25485641
1582763820000	58.691	59.0	59.0	58.456	481.63631288
1582763880000	58.974	58.852	58.975	58.702	41.47690821
1582763940000	58.878	58.818	58.878	58.818	2.78643
1582764000000	58.71	58.69	58.71	58.69	1.4879848
1582764060000	58.665	58.665	58.665	58.665	0.9840302
1582764120000	58.558	58.49	58.594	58.478	128.339284
1582764180000	58.604	58.95	59.013	58.604	72.83195856
1582764240000	59.009	58.826	59.009	58.826	20.71315715
1582764300000	58.808	58.7	58.808	58.678	3.83851606
1582764360000	58.729	58.712	58.757	58.712	17.980234250000002
1582764420000	58.892	59.191	59.191	58.892	164.39170091
1582764480000	59.144	59.42	59.42	59.088	111.11845388
1582764540000	59.253	59.113	59.263	59.113	16.75465304
1582764600000	59.302	59.42	59.499	59.302	76.27494477
1582764660000	59.395	59.287	59.395	59.193	26.23071933
1582764720000	59.197	59.197	59.197	59.197	6.56
1582764780000	59.251	59.25	59.251	59.25	14.704457699999999
1582764900000	59.1	58.862	59.1	58.862	100.2
1582764960000	58.89	58.918	58.918	58.89	11.933452
1582765020000	58.79	58.808	58.808	58.79	100.4
1582765080000	58.778	58.58	58.778	58.58	18.348824020000002
1582765140000	58.652	58.846	58.846	58.541	705.02658847
1582765200000	58.819	58.776	58.878	58.774	5.3077267599999995
1582765260000	58.806	58.774	58.808	58.774	13.54580719
1582765320000	58.642	58.591	58.642	58.478	18.38354808
1582765380000	58.471	58.459	58.484	58.455	73.2513
1582765440000	58.454	58.232	58.495	58.22	417.23160794
1582765500000	58.221	58.11	58.423	58.059	165.98173851
1582765560000	58.013	57.751	58.093	57.751	392.23790597
1582765620000	57.802	57.468	57.893	57.468	43.39882077
1582765680000	57.499	57.266	57.801	57.266	2025.50491027
1582765740000	57.323	57.46	57.493	57.323	74.77129366
1582765800000	57.5	57.98	57.98	57.5	166.69080157
1582765860000	57.904	58.195	58.31	57.834	137.44561553
1582765920000	58.218	58.182	58.218	58.182	48.36170089
1582765980000	58.188	57.563	58.188	57.563	282.83393899
1582766040000	57.674	57.616	57.777	57.568	506.7743594
1582766100000	57.658	58.166	58.229	57.631	470.33095479
1582766160000	58.189	58.048	58.189	57.912	283.49724869
1582766220000	57.92	58.199	58.203	57.881	95.76920626
1582766280000	58.219	59.046	59.046	58.219	1002.3995499700001
1582766340000	58.991	58.53	59.103	58.479	1081.79242202
1582766400000	58.588	58.67	58.67	58.551	36.04355823
1582766460000	58.762	59.087	59.087	58.762	40.21089405
1582766520000	59.086	58.881	59.299	58.881	252.78051996
1582766580000	58.867	59.114	59.114	58.867	11.440518
1582766640000	59.063	58.923	59.128	58.923	233.85327711
1582766700000	58.923	58.913	58.976	58.913	66.45260098
1582766760000	58.923	58.994	59.142	58.923	36.887353149999996
1582766820000	59.059	59.305	59.365	59.059	129.15397394000001
1582766880000	59.364	59.184	59.684	59.184	294.18913118
1582766940000	59.198	59.2	59.2	59.102	84.5046601
1582767000000	59.18	59.04	59.18	58.985	32.107830910000004
1582767060000	58.969	59.046	59.046	58.862	102.36480479
1582767120000	59.093	59.475	59.475	59.093	119.54435805
1582767180000	59.547	59.542	59.661	59.542	65.21086685
1582767240000	59.542	59.626	59.626	59.493	137.13047447
1582767300000	59.518	59.533	59.587	59.518	2.1260015
1582767360000	59.623	59.683	59.844	59.623	196.82691176
1582767420000	59.652	59.525	59.652	59.341	407.57174178
1582767480000	59.431	59.448	59.448	59.379	61.56969427
1582767540000	59.498	59.409	59.498	59.409	21.90588951
1582767600000	59.47	59.264	59.47	59.251	96.79671308
1582767660000	59.264	59.126	59.313	59.126	75.76022496
1582767720000	58.985	59.134	59.198	58.948	248.470951
1582767780000	59.204	59.229	59.229	59.204	6.4617119800000005
1582767840000	59.207	59.273	59.273	59.207	50.618177
1582767900000	59.357	59.149	59.36	59.149	11.08973644
1582767960000	59.233	59.248	59.354	59.233	22.75174593
1582768080000	59.359	59.761	59.761	59.359	75.79780937
1582768140000	59.907	60.179	60.179	59.899	179.94815375
1582768200000	60.041	59.891	60.042	59.857	107.32156745
1582768260000	59.894	59.954	59.954	59.843	2.26172667
1582768320000	59.99	59.943	60.109	59.943	63.01927016
1582768380000	59.941	60.438	60.45	59.941	171.07696898
1582768440000	60.45	60.797	60.797	60.45	94.6592797
1582768500000	60.799	60.987	60.997	60.681	152.49992225
1582768560000	60.914	60.646	60.921	60.641	48.15691984
1582768620000	60.643	60.7	60.7	60.54	84.95893642
1582768680000	60.767	60.8	60.8	60.7	151.49642888
1582768740000	60.758	60.697	60.8	60.521	180.83667857
1582768800000	60.661	60.752	60.752	60.651	13.467846380000001
1582768860000	60.742	60.68	60.8	60.584	229.22506552
1582768920000	60.56	60.458	60.56	60.231	41.43806439
1582768980000	60.458	60.45	60.458	60.241	180.35373570000002
1582769040000	60.544	60.327	60.544	60.277	32.65790827
1582769100000	60.201	60.036	60.269	60.0	21.637608450000002
1582769160000	60.02	60.142	60.256	60.02	66.30260316
1582769220000	60.101	60.043	60.101	60.043	208.0
1582769280000	60.218	60.304	60.308	60.218	24.14945139
1582769340000	60.238	60.297	60.297	60.238	0.2
1582769400000	60.203	60.203	60.203	60.203	2.5035
1582769460000	60.259	60.462	60.462	60.259	33.68742753
1582769520000	60.515	60.634	60.707	60.515	75.6282454
1582769580000	60.739	60.72	60.74	60.72	10.326408
1582769640000	60.779	60.785	60.81	60.779	0.781
1582769700000	60.86	60.934	61.026	60.86	81.37395812999999
1582769760000	60.946	61.028	61.028	60.946	8.90500883
1582769820000	61.028	60.744	61.05	60.744	122.13380207
1582769880000	60.835	60.832	60.835	60.798	6.668351749999999
1582769940000	60.854	60.754	60.854	60.754	7.4951786899999995
1582770000000	60.819	60.819	60.819	60.819	0.44
1582770060000	60.657	60.422	60.657	60.387	52.84762001
1582770120000	60.449	60.376	60.449	60.376	33.218330890000004
1582770180000	60.366	60.479	60.479	60.366	8.46970697
1582770240000	60.498	60.502	60.502	60.486	9.11625565
1582770300000	60.561	60.562	60.562	60.561	5.8575800000000005
1582770360000	60.546	60.546	60.546	60.546	0.16736918
1582770420000	60.537	60.416	60.537	60.416	40.73338508
1582770480000	60.287	60.18	60.287	60.18	65.4394544
1582770600000	60.202	60.267	60.343	60.202	31.26064217
1582770780000	60.125	60.0	60.125	60.0	12.2280235
1582770840000	59.917	59.968	59.974	59.916	16.0424306
1582770900000	59.999	59.999	59.999	59.999	3.33090545
1582771020000	59.967	59.703	59.967	59.703	203.89821286
1582771080000	59.678	59.506	59.678	59.506	6.24802569
1582771140000	59.601	59.763	59.763	59.601	5.72281297
1582771200000	59.843	59.555	59.843	59.555	9.89903
1582771260000	59.53	59.645	59.647	59.53	16.41090224
1582771320000	59.9	59.905	59.905	59.9	0.2
1582771380000	59.929	59.929	59.929	59.929	2.56521
1582771500000	60.033	60.0	60.044	60.0	2.688441
1582771560000	59.874	59.874	59.874	59.874	0.1
1582771620000	60.07	60.122	60.122	60.07	2.968
1582771680000	60.172	60.285	60.285	60.172	52.60942
1582771740000	60.039	60.039	60.039	60.039	1.197
1582771800000	59.921	59.921	59.921	59.921	0.25
1582771860000	59.792	59.905	59.905	59.75	45.65512462
1582771920000	59.788	59.855	59.883	59.788	8.83710396
1582771980000	59.708	59.708	59.708	59.708	1.5
1582772100000	59.858	59.858	59.858	59.858	2.53176465
1582772220000	59.872	59.873	59.873	59.872	10.0
1582772340000	59.857	59.858	59.858	59.857	3.4248558599999996
1582772400000	59.787	59.787	59.787	59.787	0.66
1582772460000	59.825	59.825	59.825	59.825	0.1
1582772520000	59.917	59.923	59.923	59.917	6.62006683
1582772580000	59.817	59.817	59.817	59.817	1.20538719
1582772640000	59.64	59.555	59.64	59.555	7.6023654
1582772700000	59.564	59.673	59.673	59.501	117.88205574
1582772760000	59.659	59.5	59.659	59.5	78.83415804
1582772820000	59.538	59.479	59.538	59.479	4.19964484
1582772880000	59.465	59.237	59.465	59.237	89.65884539
1582772940000	59.257	59.257	59.257	59.257	3.234
1582773000000	59.349	59.307	59.349	59.307	4.00041322
1582773060000	59.23	59.279	59.279	59.23	1.1282999999999999
1582773120000	59.211	59.122	59.211	59.1	14.41813211
1582773240000	59.367	59.481	59.481	59.359	6.21787708
1582773300000	59.496	59.496	59.496	59.496	2.51952492
1582773360000	59.411	59.329	59.411	59.329	34.19121839
1582773420000	59.396	59.396	59.396	59.396	0.25
1582773540000	59.444	59.444	59.444	59.444	0.5
1582773660000	59.45	59.451	59.451	59.45	8.43599242
1582773720000	59.391	59.563	59.613	59.391	47.03882579
1582773900000	59.42	59.39	59.42	59.39	71.26467844
1582773960000	59.441	59.535	59.535	59.413	911.21472984
1582774020000	59.637	59.637	59.637	59.637	0.1
1582774080000	59.71	59.71	59.71	59.71	2.49867952
1582774140000	59.683	59.683	59.683	59.683	0.25
1582774200000	59.602	59.602	59.602	59.602	5.0
1582774260000	59.477	59.62	59.62	59.477	3.57595236
1582774320000	59.506	59.5	59.506	59.5	2.25
1582774380000	59.475	59.596	59.596	59.475	0.35
1582774500000	59.738	59.699	59.757	59.699	10.1
1582774560000	59.904	60.235	60.235	59.904	49.6858437
1582774620000	60.153	60.069	60.153	60.049	36.02448837
1582774680000	60.115	60.279	60.395	60.115	47.5344745
1582774740000	60.316	60.32	60.378	60.316	5.06542
1582774800000	60.395	60.45	60.45	60.395	0.49960008
1582774860000	60.382	60.356	60.382	60.356	8.4612139
1582774920000	60.384	60.414	60.414	60.384	3.20633
1582774980000	60.45	60.446	60.545	60.446	68.02225238
1582775160000	60.269	60.386	60.386	60.269	26.93414013
1582775280000	60.553	60.92	60.92	60.553	136.95176731
1582775340000	60.64	60.64	60.64	60.64	0.182368
1582775400000	60.686	60.688	60.688	60.686	12.0
1582775460000	60.623	60.453	60.623	60.453	21.62229291
1582775520000	60.597	60.597	60.597	60.597	2.32857732
1582775580000	60.604	60.604	60.604	60.604	2.32191431
1582775640000	60.514	60.514	60.514	60.514	2.0216
1582775880000	60.427	60.427	60.427	60.427	1.27254884
1582775940000	60.332	60.474	60.474	60.332	32.89861743
1582776060000	60.661	60.603	60.661	60.599	23.34600712
1582776120000	60.633	60.609	60.633	60.609	2.28360333
1582776180000	60.47	60.38	60.47	60.38	4.21659605
1582776240000	60.422	60.346	60.422	60.346	5.1
1582776300000	60.334	60.334	60.334	60.334	5.98809059
1582776360000	60.29	60.29	60.29	60.29	2.0
1582776420000	60.347	60.31	60.376	60.31	76.22038376
1582776540000	60.318	60.318	60.318	60.318	0.25
1582776600000	60.227	60.259	60.259	60.186	63.080751809999995
1582776660000	60.228	60.162	60.228	60.162	1.10525038
1582776780000	60.371	60.355	60.402	60.355	1.98444756
1582776900000	60.289	60.216	60.289	60.216	18.69347286
1582776960000	60.167	60.167	60.167	60.167	0.28953131
1582777080000	60.095	60.012	60.095	60.012	25.097768970000004
1582777260000	59.964	60.033	60.033	59.964	15.51955579
1582777320000	60.056	60.056	60.056	60.056	0.25
1582777380000	60.064	60.064	60.064	60.064	8.0
1582777440000	59.957	59.956	59.957	59.948	17.26767212
1582777500000	60.043	60.142	60.142	60.043	2.775
1582777620000	60.092	60.092	60.092	60.092	0.25
1582777740000	60.216	60.216	60.216	60.216	0.25
1582777800000	60.093	60.093	60.093	60.093	1.26409144
1582777920000	60.28	60.289	60.289	60.28	2.495
1582777980000	60.286	60.403	60.403	60.286	15.86669529
1582778040000	60.357	60.357	60.357	60.357	15.92471965
1582778100000	60.479	60.479	60.479	60.479	6.83663613
1582778160000	60.39	60.39	60.39	60.39	0.15062608
1582778220000	60.364	60.102	60.364	60.102	48.08641754
1582778280000	60.074	60.045	60.074	60.045	5.3758215
1582778340000	59.974	60.017	60.017	59.974	5.3924199999999995
1582778400000	59.949	60.006	60.006	59.949	9.19809554
1582778580000	60.029	59.954	60.029	59.954	30.480850340000003
1582778640000	59.996	59.996	59.996	59.996	9.600000000000001
1582778700000	60.083	60.267	60.267	60.083	21.98761946
1582778760000	60.287	60.278	60.287	60.278	2.36
1582778880000	60.202	60.202	60.202	60.202	1.35
1582778940000	60.325	60.325	60.325	60.325	0.1
1582779000000	60.201	60.2	60.201	60.2	2.2045750699999997
1582779060000	60.256	60.273	60.273	60.256	30.0
1582779120000	60.279	60.28	60.28	60.279	14.32513644
1582779300000	60.421	60.362	60.421	60.362	6.7482999999999995
1582779360000	60.345	60.305	60.345	60.305	4.5
1582779540000	60.387	60.387	60.387	60.387	0.1
1582779600000	60.33	60.33	60.33	60.33	0.64357579
1582779660000	60.357	60.357	60.357	60.357	4.29151259
1582779720000	60.358	60.358	60.358	60.358	0.718
1582779780000	60.479	60.479	60.479	60.479	0.25
1582779840000	60.48	60.48	60.48	60.48	0.117
1582779900000	60.5	60.506	60.506	60.409	357.2176
1582779960000	60.486	60.515	60.515	60.486	249.20214371
1582780020000	60.603	60.68	60.68	60.603	10.536
1582780080000	60.571	60.635	60.635	60.571	6.30015001
1582780140000	60.674	60.637	60.713	60.569	51.88982529
1582780260000	60.585	60.585	60.585	60.585	0.25
1582780320000	60.466	60.466	60.466	60.466	0.1
1582780440000	60.53	60.596	60.596	60.53	9.0
1582780560000	60.655	60.655	60.655	60.655	1.1
1582780620000	60.8	60.84	60.84	60.8	6.997
1582780680000	60.702	60.702	60.702	60.702	0.15
1582780740000	60.752	60.752	60.752	60.752	3.3127638100000003
1582780860000	60.803	60.803	60.803	60.803	6.71305601
1582780920000	60.784	60.713	60.784	60.712	38.78972753
1582780980000	60.683	60.683	60.683	60.683	0.3
1582781040000	60.759	60.628	60.759	60.607	36.00561488
1582781100000	60.603	60.605	60.654	60.601	86.96208681
1582781220000	60.604	60.604	60.604	60.604	0.1
1582781280000	60.55	60.554	60.554	60.537	12.1
1582781340000	60.605	60.605	60.605	60.605	24.26
1582781400000	60.605	60.712	60.712	60.605	91.09995479
1582781460000	60.808	60.832	60.832	60.808	6.130000000000001
1582781520000	60.83	60.83	60.83	60.83	2.0
1582781580000	60.757	60.62	60.757	60.62	41.30928432
1582781640000	60.609	60.609	60.609	60.609	4.0
1582781700000	60.642	60.642	60.642	60.642	1.2072868
1582781760000	60.685	60.685	60.685	60.685	6.1
1582781880000	60.677	60.677	60.677	60.677	2.41061895
1582781940000	60.762	60.762	60.762	60.762	1.4845
1582782060000	60.774	60.88	60.88	60.774	18.50403315
1582782120000	60.939	61.036	61.107	60.939	11.60691023
1582782180000	61.037	60.961	61.037	60.961	0.34
1582782240000	60.95	60.907	60.95	60.907	20.25
1582782300000	61.014	61.014	61.014	61.014	5.814003
1582782360000	61.006	60.991	61.006	60.991	11.416468479999999
1582782420000	60.881	60.864	60.899	60.814	190.93500375
1582782480000	60.899	60.899	60.899	60.899	6.2
1582782540000	61.027	61.027	61.027	61.027	0.25
1582782600000	61.054	61.1	61.1	61.054	172.33404000000002
1582782660000	61.107	61.279	61.279	61.1	114.60953247
1582782720000	61.279	61.321	61.321	61.279	3.37163373
1582782780000	61.345	61.284	61.43	61.284	151.17653033
1582782840000	61.313	61.245	61.508	61.245	1940.94440667
1582782900000	61.371	61.371	61.371	61.371	0.36
1582782960000	61.443	61.372	61.443	61.372	22.0
1582783020000	61.308	61.256	61.308	61.255	1.981
1582783080000	61.262	61.262	61.262	61.262	8.0
1582783140000	61.36	61.36	61.36	61.36	0.1
1582783200000	61.342	61.401	61.401	61.342	5.1
1582783260000	61.448	61.422	61.448	61.422	18.747441000000002
1582783320000	61.361	61.319	61.361	61.319	61.861795
1582783380000	61.32	61.32	61.32	61.32	2.207
1582783440000	61.301	61.301	61.301	61.291	41.99999974
1582783560000	61.264	61.276	61.276	61.264	149.28
1582783620000	61.253	61.478	61.478	61.221	57.686373610000004
1582783680000	61.477	61.615	61.615	61.477	35.64967709
1582783740000	61.63	61.756	61.788	61.63	193.58348104
1582783800000	61.795	61.883	61.92	61.786	251.37101008
1582783860000	61.867	61.825	61.925	61.824	171.17471314
1582783920000	61.781	61.751	61.806	61.751	23.75934
1582783980000	61.817	61.925	61.925	61.817	13.65319003
1582784040000	61.911	61.859	61.936	61.859	30.67448012
1582784100000	61.847	61.834	61.847	61.834	4.09537657
1582784160000	61.767	61.613	61.767	61.613	18.05277801
1582784220000	61.68	61.68	61.68	61.68	0.1
1582784280000	61.676	61.694	61.702	61.654	32.12346849
1582784340000	61.715	61.715	61.715	61.715	0.15
1582784400000	61.829	61.829	61.829	61.829	0.25
1582784460000	61.852	61.831	61.852	61.831	19.216634669999998
1582784520000	61.651	61.642	61.66	61.633	3.48117035
1582784580000	61.63	61.576	61.63	61.576	8.30943293
1582784640000	61.553	61.553	61.553	61.553	2.3212637
1582784700000	61.623	61.389	61.623	61.336	21.971194269999998
1582784760000	61.413	61.466	61.466	61.355	52.01478439
1582784820000	61.388	61.467	61.467	61.388	2.81362667
1582784880000	61.558	61.49	61.562	61.49	2.7653490499999998
1582785000000	61.513	61.584	61.615	61.502	77.75051343
1582785180000	61.595	61.595	61.595	61.595	3.8119636
1582785300000	61.445	61.389	61.445	61.389	8.14428103
1582785360000	61.363	61.494	61.496	61.351	84.1607342
1582785420000	61.426	61.494	61.494	61.397	2.2641530999999997
1582785480000	61.371	61.371	61.371	61.371	13.48602306
1582785540000	61.335	61.342	61.342	61.309	11.20734312
1582785600000	61.359	61.357	61.359	61.357	27.0
1582785780000	61.377	61.502	61.502	61.377	11.20215988
1582785900000	61.494	61.484	61.494	61.484	20.0
1582785960000	61.534	61.534	61.534	61.534	0.5
1582786020000	61.535	61.453	61.561	61.453	33.77746778
1582786080000	61.433	61.433	61.433	61.433	2.5
1582786200000	61.452	61.335	61.472	61.335	92.39158533999999
1582786320000	61.359	61.466	61.466	61.359	19.66
1582786380000	61.49	61.541	61.583	61.49	301.0
1582786440000	61.513	61.513	61.513	61.513	17.18
1582786500000	61.513	61.589	61.589	61.513	301.70777687
1582786620000	61.437	61.437	61.437	61.437	0.188812
1582786680000	61.559	61.573	61.574	61.559	28.85941792
1582786740000	61.561	61.587	61.696	61.561	320.45409527
1582786800000	61.618	61.469	61.618	61.469	68.38705511
1582786860000	61.449	61.559	61.585	61.449	35.98896393
1582786920000	61.545	61.497	61.614	61.497	93.40197093
1582786980000	61.573	61.62	61.626	61.573	30.1135536
1582787100000	61.533	61.533	61.533	61.533	2.16600579
1582787160000	61.533	61.5	61.533	61.5	78.71072545
1582787220000	61.5	61.466	61.5	61.466	10.7703308
1582787280000	61.495	61.495	61.495	61.495	3.25106591
1582787340000	61.561	61.532	61.561	61.527	7.69732955
1582787400000	61.461	61.282	61.461	61.282	26.32929712
1582787460000	61.255	61.292	61.314	61.205	39.70769135
1582787520000	61.273	61.273	61.273	61.273	0.1
1582787580000	61.268	61.268	61.268	61.268	9.44566781
1582787700000	61.347	61.475	61.475	61.347	22.7482549
1582787760000	61.413	61.482	61.482	61.413	7.559363960000001
1582787820000	61.508	61.534	61.534	61.508	0.35
1582787880000	61.535	61.535	61.535	61.535	0.25
1582788180000	61.517	61.252	61.517	61.252	67.84727339
1582788240000	61.269	61.269	61.269	61.269	15.0835175
1582788300000	61.269	61.254	61.269	61.183	31.26584278
1582788360000	61.177	61.082	61.177	61.038	125.74389719
1582788420000	61.119	61.119	61.119	61.119	0.68284
1582788480000	61.109	61.137	61.137	61.109	2.0
1582788600000	61.137	61.191	61.191	61.137	5.0783831
1582788660000	61.15	61.103	61.158	61.103	49.56858834
1582788720000	61.138	61.061	61.138	61.061	8.25
1582788780000	61.042	60.925	61.042	60.925	90.30749775999999
1582788840000	60.94	60.907	60.94	60.907	101.0952
1582788900000	60.957	60.954	60.957	60.944	103.35732796
1582789020000	60.965	60.964	60.965	60.964	3.25
1582789080000	61.027	61.027	61.027	61.027	5.51568087
1582789200000	61.076	61.214	61.214	61.076	10.351583589999999
1582789260000	61.241	61.241	61.241	61.241	0.25
1582789380000	61.247	61.247	61.247	61.247	0.75
1582789440000	61.268	61.268	61.268	61.268	0.25
1582789500000	61.294	61.348	61.348	61.294	0.75
1582789560000	61.375	61.385	61.385	61.375	35.0
1582789620000	61.401	61.498	61.503	61.401	121.0
1582789680000	61.507	61.6	61.642	61.506	114.31897096
1582789740000	61.6	61.569	61.6	61.569	165.28429348
1582789800000	61.461	61.443	61.461	61.443	5.09388457
1582789860000	61.443	61.308	61.443	61.308	10.98577954
1582789920000	61.384	61.489	61.489	61.384	16.97942465
1582789980000	61.489	61.5	61.5	61.489	12.88003371
1582790040000	61.493	61.53	61.53	61.493	22.34012
1582790100000	61.514	61.514	61.514	61.514	6.70135352
1582790220000	61.524	61.524	61.565	61.524	356.93775615
1582790280000	61.525	61.525	61.525	61.525	0.1044
1582790340000	61.525	61.509	61.525	61.495	6.98988877
1582790400000	61.495	61.495	61.495	61.495	0.47748123000000003
1582790460000	61.364	61.308	61.364	61.308	17.20311129
1582790520000	61.294	61.442	61.442	61.294	18.1852
1582790580000	61.433	61.423	61.434	61.423	8.79414541
1582790640000	61.354	61.354	61.354	61.354	24.0
1582790760000	61.451	61.368	61.451	61.368	47.22400978
1582790880000	61.389	61.562	61.562	61.389	18.01984043
1582790940000	61.589	61.615	61.615	61.589	22.2875
1582791000000	61.53	61.501	61.53	61.501	0.7049727899999999
1582791060000	61.481	61.481	61.481	61.481	0.25
1582791120000	61.534	61.534	61.534	61.534	1.75
1582791240000	61.642	61.796	61.869	61.642	51.07607959
1582791300000	61.883	62.07	62.07	61.883	37.73691211
1582791360000	61.871	61.795	61.881	61.795	201.296
1582791420000	61.983	62.001	62.08	61.921	215.22719901
1582791480000	62.041	61.878	62.151	61.878	310.88135
1582791540000	61.876	61.911	61.911	61.873	32.51672
1582791660000	61.996	61.933	61.996	61.923	17.14161262
1582791720000	61.924	61.843	61.924	61.843	1.6380270000000001
1582791780000	61.818	61.895	61.895	61.763	23.12426808
1582791840000	61.819	61.907	61.922	61.819	32.73342755
1582791900000	61.928	61.918	61.928	61.918	6.45661633
1582791960000	61.886	61.886	61.886	61.886	3.23008256
1582792020000	61.963	62.204	62.204	61.963	14.97558976
1582792080000	62.221	62.257	62.257	62.101	51.81211561
1582792140000	62.177	62.031	62.177	62.031	18.86785073
1582792200000	62.11	62.072	62.11	62.047	36.35785059
1582792260000	62.058	62.017	62.135	61.977	42.47074211
1582792380000	62.025	62.04	62.098	61.998	40.23939636
1582792500000	62.113	62.143	62.143	62.086	75.19014711
1582792560000	62.077	62.106	62.106	62.077	3.16558254
1582792620000	62.127	62.429	62.439	62.127	188.29583415
1582792680000	62.444	62.298	62.559	62.298	286.86862018
1582792740000	62.318	62.399	62.399	62.318	2.1
1582792800000	62.386	62.388	62.394	62.386	450.1
1582792860000	62.36	62.353	62.36	62.353	5.208
1582792920000	62.347	62.283	62.362	62.283	22.0
1582792980000	62.272	62.165	62.272	62.165	11.3008
1582793040000	62.139	62.086	62.139	62.085	17.19877858
1582793100000	62.084	62.001	62.084	62.001	82.51023693
1582793160000	62.127	62.108	62.127	62.108	11.50220126
1582793220000	62.1	62.051	62.1	62.051	10.797793
1582793340000	62.109	62.109	62.109	62.109	5.67402821
1582793400000	62.027	62.026	62.027	62.026	17.964
1582793460000	62.077	62.031	62.077	62.031	100.55970184
1582793520000	62.029	61.896	62.029	61.888	236.45517255
1582793760000	61.871	61.433	61.871	61.433	457.22172061000003
1582793820000	61.601	61.642	61.642	61.53	20.21939664
1582793880000	61.503	61.553	61.553	61.503	0.2
1582793940000	61.543	61.584	61.594	61.541	25.3
1582794000000	61.574	61.503	61.574	61.468	172.7655
1582794060000	61.6	61.776	61.776	61.6	32.4392667
1582794120000	61.618	61.731	61.731	61.612	13.7755875
1582794420000	61.697	61.914	61.924	61.697	35.519999999999996
1582794480000	61.916	61.816	61.916	61.81	17.29376123
1582794540000	61.76	61.683	61.76	61.683	3.27583585
1582794600000	61.657	61.576	61.657	61.576	5.07932152
1582794660000	61.623	61.623	61.623	61.623	3.87130075
1582794840000	61.704	61.693	61.704	61.693	17.0
1582794900000	61.803	61.883	61.883	61.803	1.0
1582794960000	61.91	61.91	61.91	61.91	0.25
1582795020000	61.771	61.771	61.771	61.771	4.7339252
1582795080000	61.86	61.87	61.87	61.86	4.263752
1582795200000	61.935	61.945	61.955	61.935	11.2
1582795260000	61.875	61.863	61.875	61.863	2.72057271
1582795320000	61.838	61.824	61.838	61.824	11.395844449999998
1582795620000	61.963	61.963	61.963	61.963	0.25
1582795680000	61.974	61.974	61.974	61.97	55.6969
1582795740000	61.975	61.975	61.975	61.975	107.255
1582795800000	61.947	61.994	61.994	61.947	70.54580495
1582795860000	61.989	61.955	61.99	61.955	17.17476606
1582795920000	61.969	62.017	62.017	61.964	111.22223793
1582795980000	62.028	62.036	62.036	62.028	7.32377365
1582796100000	62.041	62.041	62.041	62.041	5.161
1582796160000	61.989	61.935	61.989	61.932	28.863905000000003
1582796220000	61.868	61.916	61.916	61.867	33.89974581
1582796280000	61.864	61.864	61.878	61.837	8.74138091
1582796340000	61.818	61.768	61.829	61.765	18.4898
1582796400000	61.775	61.695	61.775	61.695	10.6
1582796580000	61.722	61.722	61.722	61.722	1.0
1582796700000	61.684	61.576	61.684	61.576	9.14744475
1582796820000	61.576	61.429	61.576	61.429	54.158
1582796880000	61.433	61.433	61.433	61.433	1.0
1582797000000	61.5	61.5	61.5	61.5	0.483358
1582797060000	61.545	61.533	61.545	61.533	20.0
1582797120000	61.446	61.326	61.446	61.326	11.38361809
1582797180000	61.326	61.185	61.326	61.185	40.77391843
1582797240000	61.175	61.158	61.175	61.158	4.02399954
1582797360000	61.156	61.148	61.156	61.148	1.09701919
1582797420000	61.147	61.112	61.147	61.11	21.241618550000002
1582797480000	61.11	60.965	61.11	60.903	118.28333961
1582797540000	60.965	60.78	60.965	60.78	22.45223573
1582797600000	60.955	60.903	61.003	60.903	139.7272625
1582797660000	60.992	60.733	60.992	60.733	48.810355900000005
1582797720000	60.724	60.677	60.724	60.677	19.250054730000002
1582797780000	60.845	60.845	60.845	60.845	0.43556472
1582797840000	60.702	60.694	60.702	60.694	3.07404051
1582797900000	60.717	60.717	60.717	60.717	2.0
1582798080000	60.945	61.027	61.027	60.945	8.750002290000001
1582798200000	60.937	60.946	60.946	60.937	25.0
1582798260000	60.827	60.827	60.827	60.827	0.25
1582798320000	60.905	60.905	60.905	60.905	0.38
1582798380000	60.926	60.926	60.926	60.926	8.0
1582798500000	60.913	60.8	60.913	60.8	72.0856688
1582798560000	60.742	60.677	60.742	60.677	12.71496374
1582798620000	60.742	60.742	60.742	60.742	2.0
1582798680000	60.677	60.583	60.677	60.583	16.879657039999998
1582798740000	60.574	60.574	60.574	60.574	0.1
1582798800000	60.809	60.809	60.809	60.809	0.54948
1582798860000	60.869	60.886	60.886	60.869	30.938
1582798980000	60.999	61.119	61.119	60.999	356.29842965
1582799100000	61.091	61.161	61.161	61.091	40.5
1582799160000	61.187	61.186	61.254	61.186	14.63561047
1582799220000	61.12	61.245	61.245	61.12	2.58780215
1582799280000	61.247	61.247	61.247	61.247	0.54
1582799340000	61.212	61.212	61.212	61.212	8.32
1582799400000	61.268	61.259	61.31	61.259	8.33773745
1582799460000	61.171	61.171	61.171	61.171	3.80986649
1582799520000	61.235	61.249	61.249	61.235	7.61181605
1582799640000	61.164	61.228	61.228	61.164	0.26821
1582799760000	61.321	61.482	61.482	61.321	15.51927235
1582799820000	61.489	61.489	61.489	61.489	0.15
1582799880000	61.5	61.5	61.5	61.5	23.098916940000002
1582799940000	61.508	61.49	61.548	61.49	29.66211641
1582800000000	61.509	61.507	61.509	61.507	9.37935182
1582800120000	61.508	61.508	61.508	61.508	0.7271
1582800180000	61.336	61.316	61.336	61.316	1.81161178
1582800240000	61.309	61.349	61.349	61.283	17.0
1582800420000	61.348	61.346	61.348	61.346	10.21652984
1582800480000	61.508	61.508	61.508	61.508	0.25
1582800600000	61.435	61.435	61.435	61.435	8.0
1582800660000	61.379	61.379	61.379	61.379	7.16352143
1582800720000	61.353	61.228	61.353	61.228	30.49737985
1582800900000	61.427	61.455	61.455	61.427	2.705
1582801140000	61.482	61.562	61.562	61.482	1.0
1582801200000	61.589	61.602	61.602	61.588	21.9832984
1582801260000	61.539	61.482	61.539	61.482	6.28016401
1582801320000	61.534	61.534	61.534	61.534	4.83303977
1582801440000	61.591	61.598	61.615	61.591	15.03510562
1582801500000	61.611	61.6	61.627	61.58	20.98876169
1582801560000	61.6	61.616	61.669	61.6	44.66623879
1582801620000	61.584	61.573	61.584	61.573	1.9000000000000001
1582801680000	61.51	61.389	61.51	61.389	6.43231643
1582801740000	61.362	61.255	61.362	61.255	4.45
1582801920000	61.335	61.377	61.377	61.309	200.1
1582801980000	61.361	61.352	61.443	61.352	79.46957453
1582802040000	61.342	61.3	61.342	61.3	26.10677665
1582802100000	61.3	61.3	61.3	61.3	23.89322335
1582802160000	61.351	61.3	61.351	61.3	40.5
1582802280000	61.265	61.3	61.3	61.265	58.791422710000006
1582802400000	61.321	61.321	61.321	61.321	1.05887039
1582802460000	61.412	61.412	61.412	61.412	0.3534
1582802520000	61.444	61.382	61.444	61.382	5.6624
1582802580000	61.346	61.39	61.39	61.346	1.1281
1582802640000	61.303	61.303	61.303	61.303	1.33260161
1582802700000	61.229	61.228	61.229	61.228	1.577
1582802760000	61.229	61.229	61.229	61.229	0.4515
1582802820000	61.267	61.267	61.267	61.267	0.39336
1582803000000	61.201	61.073	61.201	61.068	15.87496226
1582803060000	61.08	61.056	61.083	61.056	12.275104
1582803120000	61.041	61.068	61.068	60.987	5.079
1582803180000	60.962	60.925	60.999	60.925	34.8753093
1582803240000	61.016	61.016	61.016	61.016	3.27951682
1582803300000	61.039	61.039	61.039	61.039	3.65
1582803600000	61.075	61.211	61.211	61.075	9.85
1582803720000	61.122	61.122	61.122	61.122	10.910207
1582803780000	61.037	61.037	61.037	61.037	0.39308
1582803960000	61.097	61.168	61.168	61.072	3.1923
1582804080000	61.214	61.344	61.344	61.211	350.75
1582804200000	61.207	61.207	61.207	61.207	1.35169245
1582804380000	61.271	61.271	61.271	61.271	5.0
1582804440000	61.228	61.228	61.228	61.228	1.32
1582804560000	61.2	61.2	61.203	61.2	76.34729205
1582804620000	61.2	61.382	61.382	61.2	293.71674424
1582804680000	61.351	61.352	61.352	61.351	7.461600000000001
1582804740000	61.176	61.175	61.176	61.175	1.605
1582804860000	61.375	61.53	61.53	61.375	11.002699
1582804980000	61.534	61.615	61.615	61.534	7.2901061899999995
1582805040000	61.615	61.785	61.803	61.615	20.88990034
1582805100000	61.815	62.043	62.043	61.815	353.62351881
1582805160000	62.059	61.86	62.086	61.845	157.20687547
1582805220000	61.844	61.829	61.844	61.817	2.18618986
1582805280000	61.897	61.972	61.98	61.897	24.65007334
1582805340000	61.961	61.965	61.965	61.961	49.007187
1582805400000	61.97	62.021	62.097	61.97	163.50799552
1582805460000	61.954	62.1	62.111	61.931	309.43850755
1582805520000	62.101	62.063	62.105	61.999	227.75184951
1582805580000	62.124	62.204	62.204	62.124	1.12985329
1582805640000	62.22	62.208	62.222	62.208	79.592
1582805700000	62.231	62.311	62.311	62.231	1.25
1582805760000	62.338	62.245	62.454	62.245	15.054942
1582805820000	62.34	62.34	62.34	62.34	5.0
1582805880000	62.377	62.457	62.457	62.377	6.31048452
1582805940000	62.472	62.725	62.76	62.472	118.04559129
1582806000000	62.667	62.593	62.667	62.576	26.51228383
1582806060000	62.635	63.11	63.11	62.62	818.82841243
1582806120000	63.108	62.995	63.108	62.956	62.49999091
1582806180000	62.995	62.785	62.995	62.72	156.35389126
1582806240000	62.81	62.537	62.81	62.459	90.04132164
1582806300000	62.594	62.709	62.709	62.594	26.28417586
1582806360000	62.576	62.405	62.576	62.405	17.49255565
1582806420000	62.402	62.334	62.481	62.334	37.62835059
1582806480000	62.326	62.467	62.467	62.234	21.79662384
1582806540000	62.301	62.472	62.472	62.293	5.25
1582806600000	62.498	62.574	62.632	62.498	2.2600000000000002
1582806660000	62.659	62.745	62.763	62.644	13.58521779
1582806720000	62.766	62.766	62.766	62.766	0.1
1582806780000	62.765	62.768	62.784	62.733	63.4394
1582806840000	62.754	62.754	62.754	62.754	0.5
1582806900000	62.741	62.702	62.741	62.702	53.03357729
1582806960000	62.618	62.416	62.618	62.249	599.172263
1582807020000	62.307	62.355	62.355	62.24	73.11105606
1582807080000	62.29	62.054	62.29	62.0	845.49979299
1582807140000	62.025	62.079	62.079	62.001	172.56786445
1582807200000	62.117	62.231	62.231	62.116	10.53819
1582807260000	62.146	62.201	62.201	62.146	0.30000000000000004
1582807320000	62.062	62.062	62.062	62.062	0.1
1582807440000	62.067	62.062	62.067	62.062	20.64262064
1582807500000	62.05	62.134	62.134	62.05	2.5700000000000003
1582807560000	62.071	62.071	62.071	62.071	3.09811
1582807620000	62.031	62.032	62.032	62.028	15.58354
1582807680000	62.159	62.15	62.159	62.096	6.59532177
1582807740000	62.064	62.074	62.074	62.064	4.0
1582807800000	62.018	62.0	62.018	62.0	66.28484235
1582807860000	62.0	61.87	62.019	61.87	222.35562225
1582807920000	61.851	61.646	61.851	61.608	81.74022419
1582807980000	61.617	61.633	61.671	61.617	111.87374039000001
1582808040000	61.622	61.567	61.622	61.393	314.28134609
1582808100000	61.597	61.615	61.615	61.597	2.46786
1582808160000	61.599	61.287	61.599	61.257	142.07160921
1582808220000	61.255	61.201	61.255	61.201	112.37783873000001
1582808280000	61.249	61.427	61.428	61.203	10.40080476
1582808340000	61.369	61.508	61.508	61.369	14.7696055
1582808460000	61.308	61.323	61.323	61.308	1.0466799999999998
1582808520000	61.383	61.325	61.383	61.311	86.32563376
1582808580000	61.322	61.34	61.346	61.318	4.95783294
1582808640000	61.438	61.438	61.438	61.438	0.1
1582808700000	61.508	61.669	61.669	61.508	14.75
1582808760000	61.696	61.803	61.803	61.696	3.81995
1582808880000	61.799	61.799	61.799	61.799	0.1
1582808940000	61.725	61.829	61.829	61.724	8.42631207
1582809000000	61.83	61.83	61.83	61.83	0.5
1582809060000	61.856	61.99	61.99	61.856	3.8351466000000003
1582809120000	61.985	62.058	62.067	61.985	7.08622385
1582809180000	62.042	62.042	62.042	62.042	0.22847527
1582809240000	62.004	62.07	62.07	62.004	10.0
1582809300000	62.09	61.913	62.094	61.892	40.99975601
1582809360000	61.948	61.948	61.948	61.948	1.7
1582809420000	61.979	61.9	61.979	61.9	299.70387822
1582809480000	62.097	62.258	62.258	62.097	9.93190941
1582809600000	62.15	62.11	62.15	62.11	18.43878395
1582809660000	62.151	62.109	62.151	62.108	25.72549
1582809720000	62.123	62.058	62.123	62.058	5.79512
1582809840000	62.031	62.031	62.031	62.031	0.17
1582809900000	62.031	61.977	62.031	61.977	43.89871979
1582809960000	61.951	61.951	61.951	61.951	0.25
1582810020000	61.924	61.791	61.924	61.79	14.66712178
1582810080000	61.885	61.801	61.885	61.801	12.180524940000002
1582810140000	61.893	61.918	61.918	61.883	28.5
1582810200000	61.955	62.07	62.07	61.955	14.8307
1582810260000	62.052	62.052	62.052	62.052	0.1
1582810320000	62.034	62.034	62.034	62.034	1.4
1582810380000	62.023	62.023	62.023	62.023	0.25
1582810500000	61.904	61.87	61.904	61.87	9.253432199999999
1582810680000	61.845	61.843	61.845	61.843	33.50608215
1582810740000	61.818	61.818	61.818	61.818	10.0
1582810860000	62.031	62.124	62.124	62.031	19.79410409
1582810980000	62.15	62.079	62.15	62.079	11.465871
1582811040000	62.075	62.071	62.075	62.064	25.341118690000002
1582811280000	62.109	62.109	62.109	62.109	6.65001
1582811460000	62.151	62.258	62.258	62.151	1.25
1582811520000	62.176	62.228	62.228	62.176	17.46416013
1582811580000	62.187	62.187	62.187	62.187	14.69429
1582811640000	62.283	62.283	62.283	62.283	2.0
1582811760000	62.245	62.263	62.263	62.245	8.15005946
1582811820000	62.263	62.326	62.326	62.263	21.25045
1582811880000	62.306	62.306	62.306	62.306	8.37478769
1582811940000	62.27	62.27	62.27	62.27	10.0
1582812000000	62.246	62.246	62.246	62.246	0.73561
1582812060000	62.248	62.304	62.304	62.248	7.46491815
1582812120000	62.262	62.23	62.262	62.23	38.32865362
1582812180000	62.23	62.162	62.23	62.116	177.70771292
1582812300000	62.111	62.031	62.111	62.031	1.4
1582812360000	62.009	62.031	62.031	62.009	151.51500000000001
1582812540000	62.071	62.071	62.071	62.071	1.0
1582812600000	62.07	62.177	62.177	62.07	3.0674022499999998
1582812660000	62.231	62.278	62.278	62.231	5.0
1582812720000	62.284	62.472	62.472	62.284	22.01075578
1582812780000	62.482	62.482	62.482	62.482	39.99901764
1582812840000	62.495	62.498	62.498	62.429	12.464400000000001
1582812900000	62.525	62.65	62.65	62.525	104.55486763
1582813080000	62.612	62.612	62.612	62.612	3.194
1582813140000	62.612	62.487	62.612	62.487	1.85027586
1582813200000	62.433	62.489	62.489	62.395	18.7
1582813260000	62.436	62.385	62.436	62.385	32.9085381
1582813320000	62.379	62.353	62.379	62.353	0.35
1582813440000	62.491	62.491	62.491	62.491	0.25
1582813500000	62.579	62.764	62.764	62.579	303.75
1582813620000	62.691	62.691	62.691	62.691	2.0
1582813680000	62.766	62.758	62.879	62.758	23.70846521
1582813740000	62.752	62.566	62.752	62.566	68.15635779
1582813860000	62.599	62.632	62.632	62.599	150.0
1582813920000	62.563	62.459	62.58	62.459	288.126117
1582813980000	62.435	62.33	62.435	62.33	102.146
1582814040000	62.344	62.4	62.42	62.327	31.6079
1582814100000	62.326	62.325	62.326	62.325	1.697
1582814160000	62.448	62.455	62.455	62.448	7.895
1582814280000	62.441	62.441	62.441	62.441	10.0
1582814340000	62.392	62.435	62.435	62.392	10.8
1582814400000	62.401	62.4	62.401	62.4	2.63107815
1582814520000	62.464	62.525	62.525	62.464	2.65042442
1582814580000	62.552	62.602	62.659	62.552	9.45
1582814640000	62.597	62.576	62.655	62.575	57.19754974
1582814700000	62.621	62.621	62.621	62.621	0.1
1582814820000	62.668	62.668	62.668	62.668	0.1
1582814940000	62.662	62.662	62.662	62.662	10.0
1582815000000	62.672	62.671	62.672	62.671	22.0
1582815120000	62.46	62.379	62.46	62.379	52.46143153
1582815180000	62.534	62.534	62.534	62.534	0.1
1582815240000	62.405	62.352	62.405	62.352	1.25
1582815420000	62.5	62.519	62.519	62.5	2.15
1582815540000	62.445	62.431	62.445	62.431	0.22404823000000001
1582815600000	62.419	62.419	62.419	62.419	0.75
1582815660000	62.525	62.527	62.527	62.525	6.0
1582815720000	62.552	62.605	62.605	62.552	0.75
1582815780000	62.632	62.632	62.632	62.632	0.25
1582815840000	62.658	62.658	62.658	62.658	0.15
1582815900000	62.658	62.687	62.829	62.658	207.63924977
1582815960000	62.748	62.748	62.748	62.748	2.485
1582816080000	62.726	62.826	62.836	62.726	178.327
1582816140000	62.846	62.789	62.938	62.789	110.79781497
1582816200000	62.8	62.838	62.838	62.8	13.71007399
1582816260000	62.765	62.83	62.83	62.765	34.53470534
1582816320000	62.83	62.782	62.83	62.726	97.09571658
1582816380000	62.806	62.674	62.806	62.674	54.34310429
1582816500000	62.727	62.725	62.727	62.725	15.78672019
1582816560000	62.808	62.893	62.931	62.808	39.14396192
1582816620000	62.919	62.9	62.959	62.839	260.45198464
1582816740000	62.865	62.865	62.865	62.865	0.11076181
1582816800000	62.762	62.7	62.762	62.7	72.83323819
1582816860000	62.738	62.733	62.738	62.733	85.48086323
1582816920000	62.736	62.759	62.759	62.736	2.0
1582817040000	62.74	62.74	62.74	62.74	59.90806562
1582817100000	62.828	62.9	62.9	62.828	50.25
1582817160000	62.819	62.953	62.953	62.819	3.8005023700000002
1582817220000	62.98	62.9	63.027	62.845	216.14797152
1582817280000	62.918	62.908	62.918	62.908	47.195683349999996
1582817340000	63.016	63.015	63.06	63.01	52.6
1582817400000	63.012	63.013	63.013	63.012	20.0
1582817460000	62.971	62.886	62.971	62.86	25.37448059
1582817520000	62.9	62.9	62.9	62.9	6.279
1582817580000	62.899	62.843	62.899	62.843	20.423486399999998
1582817640000	62.843	62.856	62.861	62.781	28.36554687
1582817700000	62.856	62.844	62.881	62.844	0.4
1582817760000	62.78	62.753	62.78	62.753	1.923
1582817820000	62.81	62.849	62.868	62.81	102.66606197
1582817880000	62.85	62.85	62.85	62.85	13.190418000000001
1582818000000	62.81	62.782	62.81	62.781	11.279
1582818120000	62.745	62.74	62.745	62.74	11.7236
1582818180000	62.75	62.881	62.881	62.75	325.55820428
1582818240000	62.881	62.858	62.905	62.858	11.33251668
1582818300000	62.865	62.828	62.865	62.827	7.54618
1582818360000	62.828	62.827	62.828	62.827	6.23524349
1582818420000	62.75	62.726	62.75	62.726	0.944
1582818480000	62.74	62.735	62.74	62.735	10.9
1582818540000	62.727	62.793	62.793	62.727	27.426000000000002
1582818660000	62.862	62.916	62.953	62.862	1.1
1582818720000	62.835	62.835	62.835	62.835	0.1
1582818780000	62.825	62.698	62.825	62.698	33.18035351
1582818840000	62.732	62.806	62.806	62.732	0.65
1582818960000	62.677	62.619	62.685	62.619	9.005644369999999
1582819020000	62.601	62.539	62.601	62.539	1.0
1582819080000	62.625	62.719	62.719	62.625	13.411616389999999
1582819140000	62.736	62.766	62.766	62.731	56.45220123
1582819200000	62.793	62.846	62.846	62.793	0.75
1582819260000	62.873	62.799	62.873	62.799	7.2453
1582819380000	62.816	62.836	62.836	62.816	2.0
1582819440000	62.9	63.0	63.0	62.9	7.26779137
1582819560000	63.005	63.082	63.146	63.005	104.02476173
1582819620000	63.015	63.012	63.015	63.012	3.7962406900000003
1582819680000	63.03	62.915	63.03	62.88	38.09909505
1582819740000	62.946	63.043	63.104	62.946	2.13689793
1582819800000	62.966	63.154	63.154	62.966	5.27317958
1582819860000	63.154	63.138	63.167	63.138	11.12021932
1582819920000	63.167	63.179	63.18	63.167	19.176
1582819980000	63.18	63.303	63.303	63.18	125.13456527000001
1582820040000	63.326	63.55	63.551	63.326	134.5112672
1582820100000	63.542	63.369	63.542	63.342	90.6
1582820160000	63.472	63.801	63.801	63.472	105.26580854000001
1582820220000	63.801	63.83	63.949	63.781	323.74997888999997
1582820280000	63.885	64.08	64.08	63.863	162.88167319
1582820340000	64.104	64.452	64.452	64.104	852.51831122
1582820400000	64.452	64.318	64.8	64.225	2124.99044734
1582820460000	64.354	64.22	64.385	64.181	68.766825
1582820520000	64.3	64.121	64.3	64.121	15.0
1582820580000	64.118	64.151	64.151	64.091	4.59941385
1582820640000	64.08	64.316	64.316	64.067	39.27176581
1582820700000	64.221	64.087	64.221	64.087	33.93574871
1582820760000	64.21	64.138	64.21	64.138	20.1
1582820820000	64.215	64.386	64.386	64.215	28.25
1582820880000	64.373	64.2	64.383	64.2	50.73079326
1582820940000	64.24	64.229	64.24	64.229	1.77272436
1582821000000	64.171	64.344	64.344	64.099	186.87274964
1582821060000	64.371	64.55	64.605	64.359	691.74425507
1582821120000	64.498	64.536	64.536	64.498	2.0
1582821180000	64.506	64.404	64.507	64.401	490.72596798
1582821240000	64.387	64.273	64.387	64.273	42.456371
1582821300000	64.273	64.311	64.396	64.201	45.61877555
1582821360000	64.352	64.328	64.36	64.322	16.84085123
1582821420000	64.273	64.226	64.28	64.226	81.49988931
1582821480000	64.201	64.33	64.33	64.201	40.7875331
1582821540000	64.404	64.488	64.528	64.404	26.69405854
1582821600000	64.516	64.639	64.639	64.516	11.35355567
1582821660000	64.666	64.846	64.846	64.666	243.47315672000002
1582821720000	64.846	64.891	65.0	64.846	374.70594708
1582821780000	64.892	64.718	64.892	64.64	610.84750373
1582821840000	64.736	65.0	65.0	64.736	36.0955922
1582821900000	65.0	65.04	65.04	64.997	72.62603092
1582821960000	65.001	64.925	65.019	64.843	599.1167152
1582822020000	64.973	64.844	64.973	64.844	10.72592264
1582822080000	64.918	64.932	65.031	64.882	16.6
1582822140000	64.934	64.681	64.934	64.681	309.75505287
1582822200000	64.715	64.626	64.771	64.626	3.355288
1582822260000	64.657	64.36	64.657	64.36	36.4360787
1582822320000	64.477	64.585	64.585	64.467	30.10196169
1582822380000	64.612	64.598	64.687	64.597	139.25891831
1582822440000	64.586	64.527	64.586	64.527	2.25
1582822500000	64.53	64.529	64.53	64.529	4.84770269
1582822560000	64.519	64.519	64.519	64.519	1.04
1582822620000	64.534	64.6	64.61	64.52	81.0038114
1582822680000	64.559	64.466	64.56	64.466	15.10081051
1582822740000	64.48	64.584	64.584	64.48	21.74633575
1582822800000	64.626	64.666	64.666	64.619	16.78295176
1582822860000	64.686	64.753	64.773	64.686	6.89999999
1582822920000	64.798	64.849	64.849	64.798	3.62403435
1582822980000	64.853	64.721	64.88	64.721	2.2695884200000003
1582823040000	64.7	64.719	64.719	64.64	608.19116783
1582823100000	64.693	64.815	64.868	64.65	696.23
1582823160000	64.781	64.75	64.781	64.75	5.0
1582823220000	64.799	64.855	64.855	64.799	11.93939394
1582823280000	64.838	64.6	64.838	64.6	24.856639610000002
1582823340000	64.669	64.599	64.683	64.599	155.86637035
1582823400000	64.573	64.412	64.573	64.412	65.57807131
1582823460000	64.385	64.362	64.385	64.279	88.25335495
1582823520000	64.31	64.195	64.31	64.193	494.78556726
1582823580000	64.174	64.2	64.2	64.171	1002.82916344
1582823640000	64.2	64.2	64.2	64.19	408.71319093
1582823700000	64.199	64.137	64.199	64.137	29.87907172
1582823760000	64.141	64.036	64.141	63.979	35.96278712
1582823820000	64.124	64.2	64.2	64.089	27.900000000000002
1582823880000	64.2	64.172	64.2	64.172	1.9524405
1582823940000	64.148	64.2	64.2	64.085	40.40575072
1582824000000	64.2	64.344	64.344	64.2	201.14240774
1582824060000	64.367	64.31	64.452	64.31	219.28757149999998
1582824120000	64.33	64.311	64.33	64.311	0.814
1582824180000	64.436	64.408	64.47	64.408	37.9974
1582824240000	64.474	64.539	64.54	64.474	12.17329991
1582824300000	64.54	64.484	64.549	64.47	19.04752449
1582824420000	64.484	64.532	64.532	64.484	1.620478
1582824480000	64.559	64.608	64.608	64.533	56.955378859999996
1582824540000	64.431	64.373	64.439	64.373	12.264
1582824600000	64.374	64.373	64.374	64.373	6.51222378
1582824660000	64.359	64.376	64.376	64.332	1.50038
1582824720000	64.306	64.215	64.306	64.215	40.49625674
1582824780000	64.231	64.231	64.231	64.231	8.0
1582824840000	64.199	64.219	64.219	64.199	9.0
1582824900000	64.314	64.314	64.314	64.314	18.06445276
1582824960000	64.403	64.404	64.404	64.403	15.44450693
1582825080000	64.285	64.144	64.285	64.144	98.81484354999999
1582825140000	64.14	64.143	64.165	64.14	2.33415736
1582825200000	64.119	64.117	64.122	64.117	27.13391184
1582825380000	64.248	64.169	64.248	64.169	3.9205
1582825440000	64.17	64.17	64.17	64.17	1.406771
1582825500000	64.318	64.382	64.452	64.318	1.657
1582825620000	64.391	64.391	64.391	64.391	1.51910277
1582825680000	64.359	64.361	64.377	64.359	21.0
1582825740000	64.417	64.534	64.534	64.417	21.59531419
1582825800000	64.549	64.464	64.549	64.43	15.931818419999999
1582825860000	64.408	64.332	64.408	64.332	3.3
1582825920000	64.34	64.34	64.34	64.34	10.0
1582825980000	64.429	64.429	64.429	64.429	8.0
1582826040000	64.537	64.409	64.537	64.409	3.32
1582826100000	64.459	64.435	64.459	64.435	30.0
1582826160000	64.498	64.396	64.498	64.391	1.908
1582826220000	64.332	64.348	64.348	64.305	21.14144
1582826340000	64.307	64.279	64.307	64.279	2.1
1582826400000	64.278	64.213	64.278	64.213	5.14445
1582826460000	64.213	64.201	64.241	64.171	108.78151334
1582826520000	64.156	64.146	64.156	64.137	7.849
1582826580000	64.146	64.27	64.27	64.146	75.55934281
1582826640000	64.271	64.176	64.271	64.176	104.49127533
1582826700000	64.165	64.163	64.174	64.121	43.63123708
1582826760000	64.166	64.166	64.166	64.166	1.2
1582826820000	64.119	64.156	64.156	64.119	17.49206804
1582826880000	64.26	64.247	64.26	64.247	24.10959969
1582826940000	64.199	64.066	64.199	64.066	340.6310328
1582827000000	64.099	64.099	64.099	64.099	0.1
1582827060000	64.148	64.187	64.187	64.148	3.77660798
1582827120000	64.186	64.186	64.186	64.186	1.50513844
1582827180000	64.166	64.156	64.166	64.156	20.0
1582827300000	64.187	64.236	64.236	64.187	15.481
1582827360000	64.259	64.371	64.371	64.259	9.97117838
1582827420000	64.371	64.455	64.459	64.371	7.060265
1582827480000	64.478	64.398	64.505	64.398	14.831651879999999
1582827540000	64.338	64.372	64.372	64.328	5.716
1582827600000	64.305	64.261	64.305	64.261	4.0
1582827660000	64.342	64.23	64.343	64.227	86.84531358000001
1582827720000	64.242	64.188	64.242	64.188	11.99184863
1582827780000	64.187	64.187	64.187	64.187	15.0
1582827840000	64.188	64.188	64.188	64.188	3.13781944
1582827900000	64.216	64.249	64.249	64.216	3.77755558
1582827960000	64.252	64.395	64.395	64.252	1.0
1582828020000	64.398	64.398	64.398	64.398	0.25
1582828080000	64.516	64.35	64.516	64.349	113.03447833
1582828140000	64.312	64.348	64.36	64.312	23.02077988
1582828200000	64.4	64.316	64.4	64.316	3.87172686
1582828260000	64.359	64.359	64.359	64.359	3.62034724
1582828320000	64.359	64.416	64.416	64.359	7.23693725
1582828380000	64.409	64.409	64.409	64.409	1.982
1582828440000	64.307	64.384	64.384	64.307	3.20845148
1582828500000	64.415	64.417	64.417	64.415	10.0
1582828560000	64.32	64.32	64.32	64.32	3.12
1582828620000	64.293	64.304	64.304	64.293	15.3054422
1582828680000	64.294	64.293	64.294	64.293	13.821
1582828740000	64.293	64.215	64.293	64.202	43.84105896
1582828800000	64.227	64.201	64.227	64.201	1.6560631799999999
1582828860000	64.219	64.219	64.219	64.219	0.1
1582828920000	64.201	64.177	64.201	64.14	34.24742
1582828980000	64.162	64.165	64.165	64.162	2.4
1582829100000	64.08	63.948	64.08	63.948	45.5
1582829160000	63.934	63.772	63.934	63.768	73.54128142
1582829220000	63.851	63.661	63.851	63.661	160.3807
1582829280000	63.704	63.8	63.8	63.704	171.83528519
1582829340000	63.835	63.824	63.837	63.824	17.1
1582829460000	63.831	63.882	63.882	63.829	21.849999999999998
1582829520000	63.883	63.939	63.939	63.883	0.5
1582829580000	63.901	63.804	63.901	63.804	15.1
1582829640000	63.851	63.765	63.852	63.759	86.37153934
1582829700000	63.814	63.814	63.814	63.814	0.1
1582829760000	63.767	63.736	63.767	63.736	30.0
1582829820000	63.75	63.719	63.75	63.719	63.201
1582829880000	63.692	63.735	63.735	63.692	0.30000000000000004
1582829940000	63.828	63.828	63.828	63.828	1.893
1582830000000	63.797	63.747	63.808	63.69	77.90120147
1582830060000	63.79	63.746	63.8	63.745	27.55517065
1582830180000	63.774	63.784	63.88	63.774	10.9564592
1582830240000	63.785	63.784	63.785	63.784	20.51228774
1582830420000	63.684	63.6	63.684	63.6	22.43554318
1582830480000	63.6	63.421	63.6	63.348	206.39610943
1582830540000	63.348	63.275	63.348	63.275	10.79
1582830600000	63.277	63.07	63.299	63.003	678.38724
1582830660000	63.074	63.183	63.183	63.074	75.58130754
1582830720000	63.215	63.264	63.36	63.185	258.9
1582830780000	63.259	63.183	63.298	63.183	64.98
1582830840000	63.24	63.279	63.3	63.24	23.973
1582830900000	63.278	63.2	63.281	63.2	19.46
1582830960000	63.24	63.24	63.24	63.24	0.1
1582831020000	63.255	63.196	63.255	63.196	2.0386175
1582831080000	63.2	63.2	63.2	63.2	1.74016408
1582831140000	63.289	63.289	63.289	63.289	21.95645518
1582831200000	63.391	63.391	63.391	63.391	0.15
1582831260000	63.391	63.194	63.42	63.194	57.32949699
1582831320000	63.319	63.319	63.319	63.319	0.1
1582831500000	63.349	63.349	63.349	63.349	0.14244745
1582831560000	63.325	63.32	63.362	63.32	100.1
1582831620000	63.293	63.293	63.293	63.293	0.1
1582831680000	63.284	63.3	63.3	63.284	1.35
1582831740000	63.319	63.307	63.319	63.283	25.48634386
1582831860000	63.329	63.329	63.329	63.329	7.30681239
1582831980000	63.307	63.303	63.307	63.303	5.52092973
1582832040000	63.284	63.275	63.284	63.275	20.0
1582832100000	63.307	63.275	63.307	63.275	55.1
1582832160000	63.272	63.25	63.272	63.25	30.1
1582832340000	63.192	63.192	63.192	63.192	3.68519602
1582832400000	63.307	63.354	63.355	63.281	4.31716166
1582832460000	63.393	63.406	63.471	63.393	85.538573
1582832520000	63.496	63.612	63.612	63.496	200.1
1582832580000	63.589	63.54	63.589	63.54	20.60852
1582832640000	63.53	63.53	63.53	63.53	4.9888
1582832700000	63.548	63.497	63.548	63.497	4.63174929
1582832760000	63.498	63.55	63.55	63.498	2.958
1582832820000	63.49	63.51	63.519	63.49	21.215899999999998
1582832880000	63.469	63.5	63.5	63.469	6.235996
1582832940000	63.5	63.5	63.5	63.5	1.0
1582833000000	63.637	63.7	63.7	63.637	20.39947102
1582833060000	63.658	63.72	63.72	63.642	57.75365348
1582833120000	63.743	63.756	63.759	63.743	23.68066133
1582833180000	63.711	63.699	63.724	63.699	38.766822700000006
1582833240000	63.619	63.672	63.685	63.619	10.92440414
1582833360000	63.699	63.699	63.699	63.699	1.45498788
1582833420000	63.609	63.472	63.609	63.472	2.24211403
1582833480000	63.569	63.569	63.575	63.569	3.35688466
1582833600000	63.57	63.488	63.57	63.478	13.94460397
1582833660000	63.501	63.501	63.501	63.501	0.2
1582833720000	63.524	63.524	63.524	63.524	1.956
1582833780000	63.524	63.55	63.55	63.524	2.1203150500000003
1582833840000	63.55	63.51	63.558	63.51	8.712672999999999
1582833900000	63.437	63.332	63.438	63.332	30.02697325
1582833960000	63.398	63.406	63.406	63.398	13.05406511
1582834020000	63.365	63.42	63.42	63.365	100.85669215
1582834080000	63.453	63.413	63.453	63.413	136.63404
1582834140000	63.371	63.371	63.371	63.371	0.1
1582834200000	63.524	63.529	63.529	63.524	10.0
1582834260000	63.498	63.498	63.498	63.498	0.868
1582834320000	63.501	63.501	63.501	63.501	1.197
1582834380000	63.52	63.532	63.532	63.52	3.8663878200000004
1582834440000	63.566	63.412	63.566	63.412	140.77120979
1582834500000	63.518	63.518	63.518	63.518	0.1
1582834560000	63.5	63.5	63.5	63.5	200.0
1582834620000	63.516	63.4	63.516	63.4	30.37987231
1582834680000	63.402	63.339	63.402	63.339	0.30000000000000004
1582834800000	63.353	63.296	63.353	63.296	23.34035032
1582834860000	63.261	63.142	63.268	63.142	80.50020847
1582834920000	63.126	63.126	63.126	63.126	0.1
1582835040000	63.14	63.091	63.14	63.087	150.1
1582835100000	63.164	63.164	63.164	63.164	145.06277666
1582835160000	63.114	63.085	63.18	63.085	23.22794522
1582835220000	63.05	63.0	63.05	62.97	306.44769499
1582835280000	63.052	63.022	63.052	62.999	24.09912071
1582835340000	63.022	63.12	63.12	63.022	44.43622978
1582835400000	63.1	63.07	63.1	63.043	91.97534923
1582835460000	63.07	63.09	63.095	63.07	118.78443902
1582835520000	63.164	63.164	63.164	63.164	3.68772712
1582835580000	63.18	63.21	63.225	63.18	2.81181845
1582835640000	63.25	63.25	63.25	63.25	0.2
1582835700000	63.275	63.285	63.285	63.275	10.1
1582835760000	63.259	63.259	63.259	63.259	0.995748
1582836000000	63.192	63.167	63.192	63.167	35.3979
1582836060000	63.11	63.111	63.122	63.074	17.1
1582836120000	63.2	63.2	63.2	63.2	0.712523
1582836180000	63.229	63.229	63.229	63.229	3.0
1582836240000	63.219	63.129	63.219	63.129	25.0
1582836300000	63.168	63.168	63.168	63.168	0.11574059
1582836360000	63.285	63.32	63.321	63.285	2.463
1582836420000	63.345	63.208	63.345	63.198	15.57459152
1582836480000	63.207	63.207	63.207	63.207	0.69034726
1582836600000	63.246	63.246	63.246	63.246	0.1
1582836840000	63.202	63.216	63.216	63.202	9.548
1582836900000	63.28	63.356	63.356	63.28	6.249408959999999
1582836960000	63.391	63.389	63.391	63.381	7.69091092
1582837080000	63.262	63.262	63.262	63.262	0.1
1582837140000	63.228	63.228	63.228	63.228	1.0
1582837200000	63.205	63.205	63.205	63.205	0.1
1582837260000	63.274	63.357	63.44	63.274	21.11864248
1582837320000	63.354	63.325	63.354	63.325	10.077
1582837380000	63.345	63.345	63.345	63.345	0.45799999999999996
1582837440000	63.347	63.337	63.347	63.337	10.0
1582837560000	63.286	63.286	63.286	63.286	0.4
1582837620000	63.253	63.253	63.254	63.253	33.24158122
1582837680000	63.226	63.156	63.226	63.156	9.402000000000001
1582837740000	63.157	63.156	63.157	63.156	10.5
1582837860000	63.122	63.171	63.171	63.122	145.06277666
1582837920000	63.163	63.163	63.163	63.163	0.5
1582837980000	63.121	63.123	63.123	63.091	11.189
1582838040000	63.132	63.132	63.132	63.132	1.375163
1582838100000	63.198	63.198	63.198	63.198	2.04575
1582838160000	63.232	63.238	63.238	63.171	0.5
1582838220000	63.133	63.167	63.167	63.06	6.281000000000001
1582838400000	63.2	63.183	63.244	63.183	10.2007303
1582838460000	63.184	63.184	63.184	63.184	0.25
1582838520000	63.138	63.124	63.138	63.124	18.36912744
1582838580000	63.05	62.988	63.05	62.988	14.311
1582838640000	63.001	62.868	63.001	62.868	251.351
1582838700000	62.882	62.859	62.882	62.707	227.23185809999998
1582838760000	62.758	62.643	62.758	62.643	20.3
1582838820000	62.697	62.696	62.697	62.696	22.37737262
1582838880000	62.643	62.55	62.643	62.55	10.726250760000001
1582838940000	62.526	62.518	62.526	62.388	123.6601699
1582839000000	62.564	62.248	62.564	62.028	2046.5153662
1582839060000	62.249	62.164	62.249	62.164	66.66302978
1582839120000	62.209	62.209	62.209	62.209	3.74320337
1582839180000	62.247	62.126	62.247	62.126	11.53973809
1582839240000	62.151	62.157	62.158	62.151	25.3
1582839300000	62.158	62.264	62.264	62.157	188.95858091
1582839360000	62.251	62.251	62.251	62.251	0.1
1582839420000	62.16	62.162	62.216	62.16	7.8627400000000005
1582839480000	62.165	61.859	62.176	61.785	749.3127517
1582839540000	61.798	61.556	61.798	61.26	592.38594358
1582839600000	61.397	61.221	61.397	61.22	1670.84083617
1582839660000	61.22	61.22	61.34	61.22	301.60274257
1582839720000	61.22	61.1	61.22	61.01	214.27696115999998
1582839780000	61.1	61.054	61.1	61.027	121.73262336
1582839840000	61.053	60.9	61.053	60.801	466.71002598999996
1582839900000	60.9	60.891	60.9	60.781	173.50193846
1582839960000	60.829	60.827	60.829	60.827	2.7
1582840020000	60.8	60.86	60.86	60.8	144.99578086
1582840080000	60.8	60.75	60.8	60.75	101.29606591
1582840140000	60.891	61.214	61.214	60.891	276.96171213
1582840200000	61.216	61.215	61.255	61.215	35.54101647
1582840260000	61.28	61.45	61.45	61.28	559.8571029999999
1582840320000	61.456	61.314	61.476	61.314	111.86287514
1582840380000	61.268	61.256	61.268	61.256	0.30100000000000005
1582840440000	61.263	61.222	61.263	61.222	0.6
1582840500000	61.323	61.26	61.356	61.26	37.29851783
1582840560000	61.27	61.27	61.27	61.27	0.25
1582840680000	61.32	61.011	61.32	61.011	18.1552
1582840740000	61.01	61.234	61.234	61.01	5.451
1582840800000	61.232	61.283	61.418	61.189	677.68802613
1582840860000	61.271	61.232	61.271	61.053	218.83889387
1582840920000	61.188	61.045	61.188	61.045	9.84589714
1582840980000	61.023	61.061	61.061	60.969	4.95574837
1582841040000	60.94	60.785	60.94	60.743	5.795389500000001
1582841100000	60.964	60.743	61.105	60.743	13.45823
1582841160000	60.743	60.869	60.964	60.716	78.13647199
1582841220000	60.954	60.997	60.997	60.954	24.47767627
1582841280000	60.975	61.089	61.089	60.975	10.33428182
1582841340000	60.945	60.916	60.945	60.916	13.0
1582841400000	60.924	60.924	60.924	60.924	0.761
1582841460000	60.924	60.924	60.924	60.924	2.729
1582841520000	60.924	60.828	60.924	60.809	16.536494519999998
1582841580000	60.872	60.882	60.882	60.872	7.15
1582841640000	60.8	60.8	60.8	60.8	0.1
1582841700000	60.799	60.772	60.799	60.767	8.451
1582841760000	60.824	60.824	60.824	60.824	0.1
1582841820000	60.832	60.926	60.926	60.832	1.0
1582841880000	60.956	61.0	61.0	60.956	6.3971800000000005
1582841940000	61.0	61.114	61.124	61.0	20.14995359
1582842060000	61.071	61.022	61.071	61.022	14.67768643
1582842120000	60.905	60.905	60.905	60.905	0.201
1582842180000	60.87	60.87	60.87	60.87	1.202
1582842240000	60.869	60.87	60.87	60.869	3.50207543
1582842300000	61.001	61.001	61.001	61.001	0.3
1582842360000	61.012	61.003	61.013	61.003	6.6084248
1582842420000	61.064	61.064	61.064	61.064	3.0
1582842600000	61.069	61.081	61.081	61.069	1.14
1582842660000	61.086	61.28	61.28	61.086	220.87435382
1582842720000	61.316	61.408	61.459	61.316	458.48919695999996
1582842780000	61.428	61.407	61.43	61.407	323.78999999999996
1582842840000	61.472	61.499	61.499	61.472	11.0
1582842900000	61.5	61.5	61.5	61.5	3.0
1582842960000	61.527	61.836	61.836	61.527	110.84993272999999
1582843020000	61.843	61.934	62.1	61.843	276.12164891
1582843140000	62.032	61.889	62.032	61.889	125.09902402
1582843200000	61.912	61.899	61.912	61.899	6.17128
1582843320000	61.948	62.1	62.1	61.948	1.6176400000000002
1582843380000	62.099	62.099	62.099	62.099	2.4679
1582843440000	62.1	62.125	62.125	62.1	1.0
1582843500000	62.011	61.854	62.011	61.854	2.02449633
1582843560000	61.819	61.946	61.946	61.778	31.25
1582843620000	61.984	62.019	62.019	61.984	0.4
1582843680000	61.906	61.906	61.906	61.906	0.1
1582843740000	61.9	61.9	61.9	61.9	0.25
1582843800000	61.886	62.046	62.046	61.886	17.349
1582843860000	62.019	61.969	62.019	61.947	56.747
1582843920000	61.924	61.924	61.924	61.924	1.363487
1582844040000	62.045	62.045	62.045	62.045	0.2
1582844100000	62.048	62.054	62.054	62.048	0.6642651900000001
1582844160000	62.088	62.088	62.088	62.088	30.0
1582844280000	62.088	62.346	62.475	62.088	921.7076706
1582844340000	62.246	62.293	62.475	62.241	75.06565
1582844400000	62.363	62.3	62.363	62.3	5.822535459999999
1582844460000	62.338	62.136	62.338	62.136	13.834430039999999
1582844520000	62.143	62.371	62.371	62.143	20.79411525
1582844580000	62.395	62.395	62.395	62.395	1.68211147
1582844640000	62.219	62.219	62.219	62.219	10.0
1582844700000	62.2	62.284	62.284	62.171	12.376036039999999
1582844760000	62.188	62.239	62.239	62.188	7.88662833
1582844880000	62.241	62.295	62.325	62.241	51.13670698
1582844940000	62.26	62.26	62.26	62.26	28.22723839
1582845000000	62.371	62.365	62.472	62.244	103.17721039999999
1582845060000	62.476	62.339	62.476	62.339	25.93781364
1582845120000	62.339	62.111	62.339	62.032	220.96708067
1582845180000	62.101	62.078	62.124	62.078	15.468317110000001
1582845240000	62.188	62.265	62.265	62.188	2.3620300000000003
1582845300000	62.216	62.123	62.216	62.123	7.48780578
1582845360000	62.254	62.253	62.254	62.253	2.249
1582845420000	62.209	62.159	62.209	62.159	7.48569043
1582845480000	62.114	62.065	62.114	62.065	2.201
1582845540000	62.031	62.095	62.095	61.995	7.99620496
1582845600000	61.994	62.091	62.091	61.967	65.61430979
1582845660000	62.158	62.158	62.158	62.158	1.0
1582845780000	62.034	62.034	62.034	62.034	0.1
1582845900000	62.124	62.194	62.194	62.124	12.37186124
1582845960000	62.155	62.12	62.155	62.12	0.56003954
1582846020000	62.124	62.087	62.124	62.087	9.34967593
1582846080000	62.106	62.035	62.121	62.035	4.03541596
1582846140000	62.029	61.854	62.029	61.854	36.55848375
1582846200000	61.848	61.87	61.908	61.848	17.2344837
1582846260000	61.82	61.615	61.82	61.615	92.30367457
1582846320000	61.611	61.294	61.624	61.293	186.68996689
1582846380000	61.333	61.362	61.423	61.283	39.40602629
1582846440000	61.28	61.447	61.447	61.28	10.38448578
1582846500000	61.491	61.477	61.491	61.471	1.7092091699999998
1582846560000	61.392	61.434	61.434	61.392	18.31078407
1582846620000	61.437	61.455	61.455	61.424	223.12851194
1582846680000	61.501	61.488	61.501	61.488	15.5
1582846740000	61.401	61.401	61.401	61.401	1.30568762
1582846800000	61.4	61.431	61.431	61.4	22.54911387
1582846860000	61.527	61.562	61.562	61.527	0.4
1582846920000	61.59	61.543	61.59	61.522	2.93772563
1582847040000	61.501	61.501	61.501	61.501	8.0
1582847100000	61.589	61.589	61.589	61.589	4.0
1582847160000	61.491	61.527	61.527	61.491	8.24656758
1582847340000	61.438	61.439	61.439	61.372	89.312832
1582847460000	61.412	61.256	61.455	61.256	31.25065513
1582847520000	61.235	61.231	61.235	61.23	10.96874573
1582847580000	61.251	61.187	61.251	61.187	7.67996827
1582847700000	61.255	61.441	61.479	61.255	37.07149331
1582847760000	61.491	61.614	61.614	61.491	10.4
1582847820000	61.613	61.667	61.667	61.613	2.61112849
1582847880000	61.607	61.548	61.611	61.548	42.44288934
1582847940000	61.564	61.773	61.773	61.564	24.03903035
1582848000000	61.808	61.892	61.957	61.772	945.41739971
1582848060000	61.892	61.689	61.892	61.657	170.85081506
1582848120000	61.672	61.78	61.78	61.672	10.54590666
1582848180000	61.691	61.62	61.691	61.62	13.59342674
1582848240000	61.62	61.503	61.62	61.503	2.17602108
1582848300000	61.532	61.635	61.646	61.525	43.48260308
1582848360000	61.612	61.612	61.612	61.612	0.13787748
1582848420000	61.664	61.703	61.703	61.663	22.931339819999998
1582848540000	61.652	61.565	61.652	61.565	22.79927041
1582848600000	61.639	61.639	61.639	61.639	5.0
1582848660000	61.695	61.695	61.695	61.695	0.1
1582848780000	61.738	61.802	61.802	61.738	4.6552240000000005
1582848840000	61.808	61.808	61.808	61.808	0.2
1582848900000	61.843	61.878	61.878	61.843	0.4
1582848960000	61.874	61.906	61.906	61.874	0.51977084
1582849020000	61.914	62.019	62.019	61.914	18.51813695
1582849080000	61.965	61.943	61.996	61.943	30.5
1582849140000	61.892	61.895	61.895	61.865	3.517
1582849200000	61.966	61.94	61.966	61.94	6.454040190000001
1582849260000	61.88	61.909	61.909	61.88	16.34785
1582849320000	61.955	61.962	61.962	61.955	25.15489451
1582849380000	61.958	61.958	61.958	61.958	3.226
1582849440000	61.949	61.949	61.949	61.949	7.45079912
1582849500000	62.039	62.157	62.157	62.039	312.24669862
1582849560000	62.159	62.38	62.38	62.153	17.63834795
1582849620000	62.406	62.4	62.468	62.285	235.37917037
1582849680000	62.448	62.461	62.499	62.448	118.52417973
1582849740000	62.446	62.41	62.446	62.41	4.43795099
1582849800000	62.428	62.512	62.512	62.428	74.98931051
1582849860000	62.468	62.52	62.52	62.468	850.26223598
1582849920000	62.52	62.52	62.52	62.52	538.20799195
1582849980000	62.52	62.52	62.52	62.52	15.41691668
1582850040000	62.52	62.416	62.52	62.416	18.47500107
1582850100000	62.417	62.347	62.417	62.302	42.97087847
1582850220000	62.391	62.373	62.391	62.373	29.92
1582850280000	62.283	62.491	62.492	62.283	41.03624861
1582850340000	62.511	62.484	62.511	62.484	24.13275
1582850400000	62.355	62.355	62.355	62.355	5.0
1582850460000	62.448	62.449	62.449	62.448	1.5328575400000002
1582850520000	62.433	62.449	62.449	62.433	3.82784342
1582850580000	62.44	62.44	62.44	62.44	16.27215658
1582850760000	62.5	62.5	62.5	62.5	50.0
1582850820000	62.512	62.702	62.702	62.512	250.14816104
1582850880000	62.68	62.601	62.691	62.601	2.242893
1582850940000	62.601	62.476	62.601	62.476	24.124887
1582851060000	62.452	62.452	62.452	62.452	0.201
1582851120000	62.45	62.493	62.493	62.45	3.60537056
1582851180000	62.496	62.589	62.589	62.496	6.824299999999999
1582851300000	62.624	62.651	62.651	62.624	6.25609717
1582851360000	62.651	62.641	62.651	62.588	2.30748531
1582851420000	62.558	62.598	62.598	62.558	4.3166854400000005
1582851600000	62.526	62.453	62.526	62.453	21.42156242
1582851660000	62.454	62.347	62.454	62.347	2.36530646
1582851720000	62.317	62.276	62.317	62.276	0.502
1582851780000	62.241	62.206	62.241	62.206	0.30100000000000005
1582851840000	62.206	62.204	62.206	62.204	1.0
1582851900000	62.183	62.055	62.183	62.033	447.12324756000004
1582851960000	62.059	62.11	62.11	62.059	34.42582274
1582852020000	62.139	62.068	62.139	62.068	14.62897175
1582852080000	62.058	62.144	62.144	62.058	12.49974454
1582852140000	62.207	62.265	62.265	62.207	10.200000000000001
1582852200000	62.28	62.371	62.371	62.28	0.7000000000000001
1582852260000	62.338	62.249	62.338	62.249	5.0120000000000005
1582852320000	62.226	62.101	62.226	62.101	7.13098304
1582852380000	62.14	62.14	62.17	62.14	94.44837116
1582852440000	62.2	62.182	62.2	62.182	15.28947823
1582852500000	62.158	62.158	62.158	62.158	0.1
1582852560000	62.16	62.03	62.16	62.03	35.11573018
1582852620000	62.03	61.991	62.03	61.96	72.70077789
1582852680000	62.005	62.01	62.01	62.005	24.48871287
1582852740000	62.003	61.991	62.003	61.926	68.26642539
1582852800000	61.99	61.998	61.998	61.99	0.53626
1582852860000	62.158	62.158	62.158	62.158	0.1
1582852920000	62.079	62.016	62.079	62.016	70.0
1582853040000	62.149	62.149	62.149	62.149	0.1
1582853100000	62.16	62.23	62.23	62.16	0.6000000000000001
1582853160000	62.265	62.363	62.363	62.265	3.80958608
1582853280000	62.264	62.371	62.371	62.264	1.2
1582853400000	62.406	62.457	62.498	62.406	73.94141241
1582853460000	62.489	62.508	62.512	62.489	34.60043794
1582853520000	62.499	62.53	62.53	62.46	10.3039975
1582853580000	62.466	62.486	62.486	62.466	25.2501361
1582853640000	62.537	62.652	62.652	62.537	129.98731626
1582853700000	62.591	62.625	62.625	62.536	55.86930039
1582853820000	62.629	62.681	62.681	62.629	14.37918313
1582853880000	62.687	62.682	62.71	62.679	13.099984880000001
1582853940000	62.664	62.671	62.671	62.664	3.29224862
1582854000000	62.661	62.661	62.661	62.661	4.26191185
1582854060000	62.661	62.723	62.723	62.661	76.34988528
1582854120000	62.758	62.898	62.898	62.758	97.48255679
1582854180000	62.888	62.845	62.888	62.845	2.9179999999999997
1582854300000	62.753	62.754	62.754	62.753	1.482
1582854360000	62.778	62.693	62.778	62.628	35.50277425
1582854420000	62.706	62.706	62.706	62.706	0.25
1582854480000	62.688	62.688	62.688	62.688	7.08453368
1582854540000	62.828	62.929	62.929	62.828	0.8
1582854600000	62.925	63.015	63.162	62.925	150.98241084
1582854660000	63.113	63.083	63.113	63.076	28.439699410000003
1582854720000	63.089	63.19	63.215	63.089	88.77495254
1582854780000	63.125	63.108	63.125	63.053	15.80700676
1582854840000	63.112	63.112	63.112	63.112	0.1
1582854900000	63.205	63.08	63.205	63.08	10.877720850000001
1582854960000	63.2	63.247	63.247	63.2	0.327
1582855020000	63.246	63.235	63.246	63.128	21.36871138
1582855080000	63.246	63.41	63.41	63.242	101.53160265
1582855140000	63.356	63.331	63.356	63.325	48.51849164
1582855200000	63.337	63.121	63.337	63.121	21.67792868
1582855260000	63.089	63.016	63.089	63.016	7.11738347
1582855320000	63.016	62.994	63.016	62.994	5.0
1582855380000	62.98	62.976	62.98	62.976	0.30100000000000005
1582855440000	62.979	63.087	63.087	62.979	98.81604934
1582855500000	62.982	62.946	62.982	62.946	4.718994889999999
1582855560000	62.946	63.086	63.086	62.946	13.35288527
1582855620000	63.089	63.17	63.17	63.089	1.4195
1582855740000	63.18	63.18	63.18	63.18	150.0
1582855860000	63.214	63.205	63.214	63.205	0.33179521
1582855920000	63.215	63.25	63.25	63.215	0.4
1582855980000	63.128	63.022	63.128	63.015	71.269
1582856100000	63.037	63.037	63.037	63.037	11.39
1582856280000	63.001	63.0	63.022	63.0	85.76354058000001
1582856340000	63.0	62.948	63.0	62.948	150.0
1582856400000	62.961	63.075	63.086	62.961	1.44493
1582856520000	63.022	63.022	63.022	63.022	0.14676609
1582856580000	62.997	62.868	62.997	62.868	302.86026014
1582856640000	63.074	63.074	63.074	63.074	0.2
1582856700000	63.077	63.054	63.13	63.053	57.97105212
1582856820000	62.946	62.946	62.946	62.946	0.10969092
1582856880000	62.921	62.921	62.921	62.921	0.1
1582856940000	63.061	63.061	63.061	63.061	0.25
1582857060000	63.139	62.963	63.139	62.963	39.73059774
1582857120000	62.972	63.0	63.0	62.972	6.089
1582857180000	62.999	62.938	62.999	62.938	6.08937274
1582857300000	62.913	62.91	62.913	62.91	1.546
1582857360000	62.874	62.843	62.874	62.843	1.692
1582857420000	62.841	62.939	62.939	62.841	27.182817110000002
1582857480000	62.846	62.846	62.846	62.846	3.72684356
1582857540000	62.85	62.811	62.85	62.811	130.03
1582857600000	62.804	62.796	62.804	62.757	42.18999971
1582857720000	62.84	62.798	62.84	62.798	1.4262467300000001
1582857780000	62.746	62.736	62.746	62.736	10.0
1582857900000	62.735	62.734	62.735	62.734	1.526
1582857960000	62.73	62.699	62.73	62.699	1.572
1582858020000	62.699	62.664	62.699	62.664	6.3828749700000005
1582858080000	62.697	62.593	62.697	62.593	210.703
1582858140000	62.57	62.57	62.57	62.57	0.695391
1582858200000	62.558	62.558	62.558	62.524	22.77613
1582858260000	62.758	62.892	62.957	62.758	504.75287342
1582858320000	62.865	62.841	62.867	62.821	112.36099093
1582858440000	62.734	62.734	62.734	62.734	0.201
1582858500000	62.698	62.721	62.721	62.663	3.149
1582858560000	62.663	62.663	62.663	62.663	0.003
1582858680000	62.753	62.745	62.753	62.745	8.25
1582858740000	62.819	62.79	62.826	62.79	91.53480138
1582858800000	62.798	62.798	62.798	62.798	0.49168
1582858860000	62.785	62.766	62.785	62.725	19.65993012
1582858920000	62.689	62.705	62.705	62.689	14.1418174
1582859040000	62.705	62.705	62.705	62.705	4.91899574
1582859100000	62.749	62.749	62.749	62.749	3.90766681
1582859160000	62.838	62.838	62.838	62.838	7.454
1582859220000	62.838	62.898	62.898	62.838	15.95400895
1582859280000	62.934	62.934	62.934	62.934	0.2
1582859340000	62.969	63.08	63.08	62.969	76.19999999999999
1582859400000	63.107	63.2	63.21	63.107	481.0
1582859520000	62.98	62.981	62.981	62.98	0.30100000000000005
1582859640000	63.034	63.034	63.034	63.034	0.364956
1582859700000	62.965	62.965	62.965	62.965	1.36510607
1582859760000	62.968	62.945	62.968	62.945	1.5654142100000001
1582859820000	62.976	62.976	62.976	62.976	1.35928875
1582859880000	62.912	62.912	62.912	62.912	6.054
1582860060000	62.951	62.948	62.951	62.948	14.36563181
1582860240000	62.949	62.91	62.949	62.91	1.06388
1582860300000	62.874	62.839	62.874	62.839	0.30100000000000005
1582860420000	62.839	62.855	62.855	62.781	7.11378238
1582860540000	62.779	62.771	62.779	62.771	9.43081
1582860600000	62.769	62.663	62.769	62.663	0.804
1582860660000	62.629	62.593	62.63	62.593	9.20585177
1582860720000	62.558	62.485	62.558	62.47	32.44768067
1582860780000	62.479	62.468	62.525	62.468	6.22803927
1582860900000	62.504	62.553	62.553	62.504	6.55049441
1582861020000	62.496	62.485	62.507	62.485	0.30000000000000004
1582861080000	62.476	62.452	62.476	62.452	1.8981953900000001
1582861140000	62.417	62.383	62.417	62.383	29.15493893
1582861200000	62.384	62.347	62.384	62.347	7.35888566
1582861260000	62.313	62.189	62.313	62.171	119.39871492
1582861380000	62.234	62.183	62.234	62.183	2.2015599999999997
1582861440000	62.171	62.161	62.171	62.161	1.06471435
1582861500000	62.136	62.158	62.158	61.973	14.15385247
1582861560000	62.098	62.194	62.194	62.095	44.27296912
1582861620000	62.195	62.23	62.23	62.195	0.6000000000000001
1582861740000	62.145	62.218	62.218	62.145	2.0
1582861800000	62.265	62.278	62.278	62.265	2.1965
1582861860000	62.292	62.292	62.292	62.292	0.1
1582861920000	62.3	62.301	62.301	62.3	1.2
1582861980000	62.336	62.371	62.371	62.336	0.4
1582862040000	62.404	62.404	62.404	62.404	1.0
1582862100000	62.215	62.242	62.247	62.215	29.099999999999998
1582862160000	62.326	62.326	62.326	62.326	0.1
1582862400000	62.224	62.224	62.225	62.224	1.52508856
1582862460000	62.171	62.066	62.171	62.066	33.395759749999996
1582862520000	62.066	62.065	62.066	62.065	0.30100000000000005
1582862580000	62.03	61.927	62.03	61.927	1.5510000000000002
1582862640000	61.926	62.01	62.01	61.926	6.63845198
1582862700000	61.98	61.996	61.996	61.98	8.61012609
1582862760000	62.078	62.011	62.078	62.011	18.34665141
1582862820000	61.941	61.941	61.941	61.941	4.08116
1582862880000	61.939	61.954	61.954	61.939	7.43306834
1582862940000	61.925	61.925	61.925	61.925	0.1
1582863000000	61.927	61.984	61.984	61.927	4.18135116
1582863120000	62.033	62.089	62.089	62.033	6.012924920000001
1582863180000	62.098	62.098	62.098	62.098	3.772
1582863300000	62.042	62.195	62.195	62.042	13.1
1582863360000	62.089	62.089	62.089	62.089	0.1
1582863420000	62.22	62.233	62.233	62.22	5.0
1582863540000	62.265	62.301	62.301	62.265	0.4
1582863600000	62.264	62.212	62.264	62.212	4.59345613
1582863840000	62.113	62.113	62.113	62.113	0.1
1582863900000	62.101	61.982	62.101	61.982	10.201
1582863960000	62.068	62.068	62.068	62.068	0.258
1582864080000	62.055	62.055	62.055	62.055	0.1
1582864320000	62.195	62.301	62.301	62.195	7.93684697
1582864380000	62.335	62.314	62.336	62.314	11.568
1582864440000	62.371	62.406	62.406	62.371	0.4
1582864500000	62.353	62.353	62.353	62.353	0.1
1582864560000	62.37	62.482	62.482	62.37	135.73049936
1582864620000	62.445	62.426	62.445	62.426	40.1
1582864680000	62.468	62.51	62.51	62.468	20.0
1582864740000	62.491	62.489	62.492	62.481	4.149373
1582864800000	62.49	62.49	62.49	62.49	0.5836
1582864860000	62.477	62.477	62.477	62.477	0.1
1582864980000	62.512	62.537	62.537	62.512	1.5983888199999998
1582865100000	62.519	62.519	62.519	62.519	0.1
1582865160000	62.534	62.534	62.534	62.534	0.1
1582865220000	62.53	62.53	62.53	62.53	0.9
1582865340000	62.457	62.473	62.473	62.457	30.0
1582865400000	62.383	62.383	62.383	62.383	0.25
1582865580000	62.395	62.312	62.395	62.312	22.34583727
1582865700000	62.312	62.247	62.312	62.247	40.0
1582865760000	62.241	62.171	62.241	62.171	0.603
1582865820000	62.136	62.149	62.15	62.101	0.7042473
1582865880000	62.073	62.073	62.073	62.073	0.01930494
1582865940000	62.065	61.988	62.065	61.96	101.3504
1582866000000	61.976	61.943	61.976	61.927	3.31777588
1582866060000	61.926	61.8	61.926	61.8	53.803
1582866120000	61.784	61.696	61.853	61.696	269.37918946
1582866180000	61.738	61.602	61.738	61.541	266.42031234
1582866240000	61.621	61.686	61.717	61.621	15.53868014
1582866360000	61.746	61.746	61.746	61.746	9.14325777
1582866420000	61.695	61.75	61.75	61.611	221.19715097
1582866480000	61.74	61.74	61.74	61.74	2.24987543
1582866540000	61.722	61.681	61.722	61.681	6.0
1582866600000	61.663	61.541	61.663	61.506	26.33590462
1582866660000	61.504	61.421	61.504	61.059	2829.2788324499998
1582866720000	61.456	61.46	61.491	61.456	0.5
1582866780000	61.439	61.446	61.446	61.439	1.25
1582866840000	61.414	61.453	61.453	61.414	16.2
1582866900000	61.402	61.374	61.402	61.374	1.5102467099999999
1582866960000	61.36	61.359	61.36	61.359	24.0
1582867020000	61.398	61.398	61.398	61.398	3.2614901
1582867080000	61.436	61.597	61.597	61.436	15.52
1582867200000	61.604	61.605	61.605	61.604	8.51224
1582867320000	61.588	61.588	61.588	61.588	8.13780392
1582867380000	61.59	61.623	61.623	61.59	18.169
1582867440000	61.536	61.583	61.583	61.535	8.0
1582867680000	61.503	61.503	61.503	61.503	2.26
1582867740000	61.543	61.5	61.543	61.5	17.317
1582867860000	61.398	61.363	61.398	61.355	24.8229228
1582867920000	61.364	61.366	61.366	61.364	1.4171530399999999
1582867980000	61.328	61.314	61.328	61.314	9.14764694
1582868160000	61.482	61.482	61.482	61.482	1.93
1582868220000	61.482	61.485	61.514	61.474	45.71271695
1582868280000	61.473	61.32	61.473	61.32	13.48867773
1582868340000	61.334	61.258	61.334	61.186	13.78660065
1582868400000	61.162	60.972	61.162	60.929	161.02204756
1582868460000	60.942	61.095	61.233	60.92	461.35119327
1582868520000	61.17	61.338	61.338	61.17	226.33136106
1582868580000	61.35	61.415	61.619	61.35	146.45289927
1582868640000	61.397	61.523	61.523	61.397	1.581
1582868700000	61.597	61.597	61.597	61.597	0.2
1582868760000	61.592	61.702	61.702	61.592	5.05622454
1582868880000	61.662	61.703	61.703	61.621	1.51211876
1582868940000	61.703	61.808	61.808	61.703	0.7000000000000001
1582869000000	61.808	61.808	61.808	61.808	1.0675
1582869060000	61.835	61.836	61.836	61.835	0.2
1582869120000	61.842	61.832	61.842	61.832	1.7132414900000001
1582869180000	61.779	61.69	61.779	61.69	20.1
1582869240000	61.686	61.686	61.686	61.686	1.31549326
1582869480000	61.609	61.661	61.661	61.609	11.31
1582869540000	61.608	61.608	61.608	61.608	0.201
1582869600000	61.573	61.525	61.573	61.503	2.91202411
1582869660000	61.503	61.474	61.503	61.454	13.17402308
1582869720000	61.432	61.303	61.432	61.281	15.629414559999999
1582869780000	61.284	61.331	61.332	61.284	7.272325459999999
1582869840000	61.281	61.151	61.281	61.151	3.75237629
1582869900000	61.116	61.122	61.122	61.046	4.58
1582869960000	61.251	61.411	61.411	61.251	17.64846649
1582870020000	61.241	61.315	61.318	61.241	101.18794506
1582870140000	61.364	61.363	61.364	61.363	4.56395603
1582870200000	61.287	61.278	61.287	61.256	103.56770403
1582870320000	61.316	61.316	61.316	61.316	0.23514584
1582870440000	61.292	61.292	61.292	61.292	1.28716062
1582870500000	61.194	61.238	61.291	61.194	45.64707483
1582870560000	61.241	61.241	61.241	61.241	1.284
1582870740000	61.249	61.241	61.249	61.169	107.92371871
1582870800000	61.231	61.231	61.231	61.231	1.279
1582870920000	61.201	61.201	61.201	61.201	0.1
1582870980000	61.201	61.201	61.201	61.201	1.172
1582871100000	61.159	61.159	61.159	61.159	1.26137759
1582871280000	61.218	61.114	61.218	61.114	19.54848613
1582871400000	61.081	60.967	61.081	60.943	63.02579699
1582871460000	60.94	60.79	60.94	60.765	76.87847253
1582871520000	60.806	60.871	60.985	60.806	205.22840073
1582871580000	60.89	60.901	60.901	60.89	7.229712859999999
1582871640000	60.826	60.826	60.826	60.826	2.5414
1582871700000	60.767	60.649	60.767	60.649	36.1074942
1582871760000	60.649	60.893	60.893	60.557	81.60043552
1582871820000	60.928	60.933	60.999	60.928	34.22128756
1582871880000	60.999	61.144	61.144	60.999	50.25
1582871940000	61.141	61.217	61.308	61.125	334.5452209
1582872000000	61.288	61.316	61.316	61.288	200.0
1582872060000	61.351	61.317	61.351	61.317	0.9159999999999999
1582872120000	61.318	61.318	61.318	61.318	0.1
1582872180000	61.306	61.306	61.306	61.306	2.0
1582872240000	61.335	61.376	61.376	61.335	99.0
1582872300000	61.256	61.124	61.258	61.117	49.70036167
1582872360000	61.213	61.178	61.214	61.178	3.3
1582872480000	61.119	61.214	61.224	61.119	54.9148506
1582872540000	61.181	61.184	61.221	61.16	102.80250514000001
1582872660000	61.15	61.138	61.15	61.138	36.71084612
1582872720000	61.138	61.138	61.138	61.138	15.99283111
1582872900000	61.2	61.151	61.2	61.151	33.59056971
1582872960000	61.116	61.045	61.116	61.045	0.603
1582873020000	61.01	60.94	61.01	60.94	49.705
1582873080000	60.982	60.982	60.982	60.982	2.0
1582873140000	60.94	60.834	60.94	60.834	2.00709258
1582873200000	60.806	60.845	60.845	60.806	40.1
1582873260000	60.867	60.799	60.867	60.799	2.1963608
1582873320000	60.765	60.829	60.829	60.765	19.444452
1582873380000	60.829	60.827	60.837	60.827	10.14577352
1582873440000	60.764	60.764	60.764	60.764	0.201
1582873500000	60.73	60.834	61.069	60.73	935.01648138
1582873560000	60.799	61.046	61.046	60.73	331.1286621
1582873620000	60.876	60.643	60.876	60.643	47.93339045
1582873680000	60.63	60.295	60.686	59.994	5857.69406208
1582873740000	60.295	60.409	60.456	60.06	1834.07766335
1582873800000	60.356	60.382	60.418	60.306	142.43796403
1582873860000	60.406	60.406	60.406	60.406	1.0
1582873920000	60.41	60.508	60.508	60.41	223.58546209
1582873980000	60.508	60.496	60.508	60.496	22.03715037
1582874040000	60.451	60.448	60.451	60.448	18.82116425
1582874100000	60.507	60.507	60.507	60.507	11.496935700000002
1582874160000	60.496	60.227	60.496	60.227	14.21607173
1582874220000	60.201	60.412	60.412	60.119	131.29236727
1582874280000	60.344	60.33	60.35	60.303	46.37606952
1582874460000	60.435	60.435	60.435	60.435	14.83210813
1582874520000	60.434	60.302	60.434	60.3	38.02802636
1582874580000	60.319	60.131	60.32	60.131	17.43183715
1582874640000	60.132	60.241	60.241	60.131	13.018409369999999
1582874700000	60.202	60.015	60.202	60.015	27.38848872
1582874760000	59.99	60.01	60.01	59.964	18.727030040000002
1582874820000	60.111	60.051	60.111	60.051	11.247365550000001
1582874880000	60.05	59.877	60.05	59.877	131.31195369
1582874940000	59.849	59.792	59.849	59.744	79.27227508
1582875000000	59.756	59.833	59.833	59.666	22.25602244
1582875060000	59.873	59.859	59.873	59.859	3.298
1582875120000	59.822	59.738	59.822	59.738	9.1
1582875180000	59.784	59.785	59.785	59.784	0.85695201
1582875240000	59.863	59.784	59.863	59.784	20.83585442
1582875300000	59.853	59.999	59.999	59.853	288.63886352
1582875360000	60.014	60.121	60.18	60.013	143.7667647
1582875420000	60.029	60.0	60.046	60.0	210.87537336
1582875480000	60.0	60.394	60.419	59.999	583.99290665
1582875540000	60.434	60.401	60.434	60.4	124.95252
1582875600000	60.4	60.366	60.4	60.366	15.50601831
1582875780000	60.344	60.344	60.344	60.344	15.0
1582875900000	60.202	60.066	60.202	60.036	141.69061955
1582875960000	60.025	59.917	60.025	59.856	332.69348618000004
1582876020000	59.909	59.779	59.909	59.779	2.905796
1582876080000	59.851	59.846	59.91	59.846	21.085394
1582876200000	59.948	60.294	60.294	59.948	1246.81806123
1582876320000	60.06	60.05	60.06	60.05	9.62061293
1582876380000	60.175	60.178	60.178	60.175	5.39294593
1582876440000	60.25	60.407	60.407	60.25	9.513
1582876500000	60.288	60.202	60.288	60.201	67.02515615
1582876560000	60.363	60.363	60.363	60.363	0.25
1582876620000	60.399	60.399	60.399	60.399	15.75158101
1582876680000	60.401	60.476	60.476	60.401	631.3678118700001
1582876740000	60.476	60.475	60.476	60.475	411.45768250000003
1582876800000	60.441	60.506	60.506	60.44	2.261494
1582876860000	60.506	60.507	60.507	60.506	30.86523
1582876920000	60.506	60.403	60.507	60.403	7.0649999999999995
1582876980000	60.48	60.647	60.647	60.48	134.32332078
1582877040000	60.682	61.079	61.079	60.682	615.18674703
1582877100000	61.058	60.965	61.184	60.965	186.82177002
1582877160000	60.94	60.88	60.94	60.88	61.88816797
1582877220000	60.88	60.943	60.943	60.869	40.117620880000004
1582877280000	60.859	60.943	60.943	60.859	19.07502405
1582877400000	60.953	60.953	60.953	60.953	60.0
1582877460000	60.838	60.838	60.838	60.838	3.0000001
1582877520000	60.909	60.909	60.91	60.909	5.35
1582877580000	60.91	61.167	61.167	60.91	701.17549953
1582877700000	61.09	61.132	61.155	61.09	82.12341105
1582878000000	61.052	61.052	61.052	61.052	2.16466121
1582878060000	61.052	61.094	61.094	61.052	24.8388
1582878180000	61.117	61.08	61.142	61.08	9.4191
1582878240000	61.117	61.239	61.239	61.117	534.0
1582878300000	61.186	61.186	61.186	61.186	0.1
1582878360000	61.137	61.139	61.139	61.137	6.2892
1582878480000	61.08	61.08	61.08	61.08	0.5
1582878540000	61.051	61.011	61.051	60.953	130.26999999999998
1582878600000	61.011	61.004	61.011	61.004	42.92747913
1582878660000	61.005	60.997	61.005	60.997	69.57561948
1582878720000	60.997	60.906	60.997	60.906	109.32738051999999
1582878780000	60.906	60.9	60.906	60.9	0.35357744999999996
1582878840000	60.9	60.9	60.9	60.9	0.64704896
1582879020000	60.879	60.879	60.879	60.879	0.1
1582879080000	60.805	60.764	60.805	60.764	120.01633
1582879140000	60.828	60.83	60.83	60.828	3.0
1582879200000	60.844	60.89	60.89	60.844	18.786395759999998
1582879260000	60.89	60.89	60.89	60.89	0.00061159
1582879380000	60.975	60.975	60.975	60.975	4.3816034
1582879440000	60.964	60.92	60.964	60.92	137.89965722
1582879500000	60.893	60.863	60.893	60.863	4.533265
1582879620000	60.751	60.707	60.751	60.693	21.85241374
1582879680000	60.692	60.569	60.692	60.569	6.1
1582879740000	60.615	60.615	60.615	60.615	0.5
1582879920000	60.597	60.62	60.62	60.597	106.53657053
1582880220000	60.657	60.659	60.659	60.657	10.0
1582880280000	60.562	60.562	60.562	60.562	1.20485
1582880340000	60.488	60.324	60.488	60.324	324.70807667
1582880400000	60.274	60.211	60.274	60.211	25.1
1582880460000	60.177	60.119	60.178	60.119	62.5
1582880520000	60.173	60.085	60.173	60.085	3.71369198
1582880700000	60.0	59.924	60.0	59.924	24.33200818
1582880760000	59.753	59.75	59.753	59.75	12.5
1582884540000	59.783	59.1	59.784	59.1	2756.31674279
1582884600000	59.079	58.78	59.079	57.466	2208.19628744
1582884660000	58.794	58.94	58.964	58.675	165.97108232
1582884720000	58.969	58.886	59.05	58.886	76.2
1582884780000	58.904	58.912	58.917	58.85	192.16678
1582884840000	58.929	59.284	59.284	58.929	258.50099337
1582884900000	59.158	58.95	59.179	58.95	50.36813353
1582884960000	58.947	58.951	58.951	58.831	5.8
1582885020000	59.109	59.018	59.109	58.97	22.82
1582885080000	59.067	59.007	59.068	59.007	17.28452077
1582885140000	58.99	58.859	58.99	58.859	52.52921342
1582885200000	58.895	58.895	58.895	58.895	5.0
1582885260000	59.001	59.001	59.001	59.001	2.33642951
1582885320000	59.032	59.027	59.069	59.027	146.02663211
1582885380000	58.983	58.985	58.995	58.983	71.3891688
1582885440000	58.797	58.7	58.797	58.7	58.84089305
1582885500000	58.636	58.616	58.693	58.581	125.69207803
1582885560000	58.839	58.793	58.839	58.793	0.2
1582885620000	58.871	58.889	58.889	58.871	17.32035114
1582885680000	58.889	58.89	58.89	58.889	37.24111983
1582885740000	58.899	58.885	58.899	58.885	11.95
1582885800000	58.872	58.977	58.977	58.872	35.95787695
1582885860000	58.961	58.662	58.961	58.662	44.57031574
1582885980000	58.525	58.284	58.525	58.284	17.73487844
1582886040000	58.205	58.262	58.431	58.059	115.41565258
1582886100000	58.263	58.232	58.263	58.198	55.687118
1582886160000	58.253	57.814	58.278	57.814	84.1058053
1582886220000	57.828	58.091	58.091	57.828	11.4945175
1582886280000	58.006	57.97	58.03	57.97	57.49817192
1582886340000	58.149	58.2	58.255	58.149	56.44591987
1582886400000	58.21	58.024	58.214	58.024	16.77453115
1582886460000	58.024	57.871	58.059	57.871	220.64413244
1582886520000	57.977	58.021	58.044	57.96	16.344
1582886580000	58.084	58.156	58.156	58.084	2.05890427
1582886640000	58.144	58.1	58.144	58.1	9.15164088
1582886700000	58.199	58.199	58.199	58.199	230.999
1582886760000	58.327	58.545	58.545	58.252	29.20361172
1582886820000	58.492	58.453	58.559	58.453	32.57425463
1582886880000	58.406	58.347	58.406	58.347	13.43961386
1582886940000	58.362	58.434	58.434	58.351	17.01800399
1582887000000	58.509	58.479	58.509	58.479	11.75
1582887060000	58.412	58.442	58.442	58.411	6.503618309999999
1582887120000	58.351	58.257	58.351	58.257	6.31953972
1582887240000	58.226	58.269	58.271	58.226	23.94199843
1582887300000	58.359	58.368	58.389	58.357	332.44721164
1582887360000	58.399	58.522	58.525	58.399	23.84820756
1582887420000	58.524	58.524	58.525	58.524	7.38096929
1582887480000	58.546	58.628	58.628	58.546	2.15143754
1582887540000	58.681	58.892	58.892	58.681	62.25702442
1582887600000	58.892	58.844	58.948	58.844	50.70094149
1582887660000	58.735	58.623	58.735	58.623	7.17388069
1582887720000	58.514	58.551	58.58	58.493	65.0
1582887780000	58.681	58.779	58.779	58.651	39.50192
1582887840000	58.835	58.849	58.856	58.835	6.58114756
1582887900000	58.796	58.968	58.968	58.794	47.89776723
1582887960000	59.0	58.977	59.071	58.977	18.26586884
1582888020000	58.979	58.981	59.0	58.915	271.22164432
1582888080000	59.026	58.937	59.052	58.937	39.48605438
1582888140000	58.894	58.922	58.923	58.894	6.87643486
1582888200000	58.87	58.806	58.881	58.806	47.35906596
1582888260000	58.806	58.805	58.806	58.805	3.5004265
1582888320000	58.79	58.806	58.806	58.79	12.266088589999999
1582888440000	58.8	58.757	58.8	58.757	2.41357378
1582888560000	58.872	58.954	59.02	58.872	15.42316474
1582888620000	58.97	58.999	58.999	58.97	63.0
1582888680000	59.074	58.939	59.077	58.939	5.45594085
1582888740000	58.933	58.933	58.933	58.933	0.5
1582888800000	58.864	58.871	58.874	58.77	79.16071164
1582888860000	58.867	58.89	58.89	58.867	10.2
1582888920000	59.052	59.052	59.052	59.052	3.389
1582888980000	59.077	59.184	59.184	59.077	15.111738849999998
1582889040000	59.114	59.085	59.114	59.085	4.11801757
1582889100000	59.085	59.109	59.109	59.085	11.07806733
1582889160000	59.198	59.198	59.198	59.198	1.0
1582889220000	59.205	59.383	59.383	59.205	33.66321689
1582889280000	59.3	59.271	59.3	59.27	28.859168320000002
1582889340000	59.27	59.028	59.27	59.028	400.88602948
1582889400000	59.115	59.067	59.128	59.067	59.05008203
1582889460000	59.056	58.903	59.056	58.903	22.20479108
1582889520000	58.899	58.875	58.899	58.875	10.549999999999999
1582889580000	58.863	58.83	58.9	58.83	57.5
1582889640000	58.848	58.685	58.848	58.685	4.91638027
1582889700000	58.636	58.588	58.636	58.54	18.53029199
1582889760000	58.675	58.72	58.754	58.675	55.97185311
1582889820000	58.762	58.709	58.798	58.709	15.871390550000001
1582889880000	58.749	58.734	58.779	58.672	71.0
1582889940000	58.769	58.765	58.769	58.765	28.13780959
1582890060000	58.579	58.484	58.579	58.484	7.067
1582890120000	58.569	58.629	58.629	58.535	13.83798238
1582890180000	58.666	58.594	58.666	58.594	16.5312785
1582890240000	58.53	58.531	58.573	58.462	42.31842962
1582890300000	58.54	58.597	58.607	58.54	29.30857201
1582890360000	58.607	58.697	58.697	58.607	165.31495357
1582890420000	58.691	58.664	58.693	58.664	7.76
1582890480000	58.612	58.597	58.612	58.597	58.09147834
1582890540000	58.597	58.418	58.597	58.418	476.40239164999997
1582890600000	58.43	58.421	58.43	58.416	47.999448210000004
1582890660000	58.416	58.471	58.471	58.416	13.08
1582890720000	58.541	58.384	58.541	58.384	86.74266257000001
1582890780000	58.339	58.261	58.339	58.261	8.40009104
1582890840000	58.253	58.289	58.289	58.253	0.3011353
1582890900000	58.24	58.296	58.296	58.196	67.65996267
1582890960000	58.483	58.539	58.539	58.483	1.3
1582891020000	58.559	58.493	58.559	58.493	12.86666667
1582891140000	58.502	58.557	58.557	58.501	7.0
1582891200000	58.62	58.681	58.681	58.62	3.9755000000000003
1582891260000	58.723	58.434	58.724	58.434	125.02810165999999
1582891320000	58.4	58.537	58.537	58.375	33.5195081
1582891380000	58.529	58.529	58.529	58.529	2.0
1582891440000	58.429	58.155	58.429	58.155	12.145376650000001
1582891500000	58.273	58.238	58.273	58.238	1.96098537
1582891560000	58.271	58.196	58.271	58.196	5.9841
1582891620000	58.253	58.268	58.268	58.253	83.381043
1582891680000	58.259	58.25	58.3	58.25	20.81410541
1582891740000	58.249	57.772	58.249	57.747	80.88869231
1582891800000	57.77	57.816	57.9	57.77	51.71368551
1582891860000	57.745	57.863	57.863	57.589	377.81106689
1582891920000	57.943	57.729	57.959	57.729	250.56005068000002
1582891980000	57.62	57.828	57.945	57.567	291.19808
1582892040000	57.945	58.207	58.207	57.945	78.70001985
1582892100000	58.137	57.935	58.181	57.935	206.49063499
1582892160000	57.92	57.919	57.92	57.919	5.0
1582892220000	57.911	57.776	57.911	57.757	70.98877433
1582892280000	57.749	57.8	57.87	57.632	237.11436591
1582892340000	57.789	57.558	57.831	57.558	259.48231403
1582892400000	57.558	57.155	57.604	57.155	274.12762855
1582892460000	57.128	57.135	57.135	56.703	3780.8918965499997
1582892520000	57.138	56.9	57.138	56.9	23.57605552
1582892580000	56.973	57.286	57.286	56.901	173.0038398
1582892640000	57.279	57.602	57.602	57.271	149.63973984
1582892700000	57.503	57.55	57.594	57.487	14.63565561
1582892760000	57.433	57.304	57.433	57.256	68.62974201
1582892820000	57.334	57.481	57.481	57.334	5.5396987399999995
1582892880000	57.497	57.388	57.497	57.388	170.25077139
1582892940000	57.45	57.719	57.719	57.45	92.68379279
1582893000000	57.717	57.6	57.717	57.582	18.97040186
1582893060000	57.427	57.389	57.43	57.373	20.07020102
1582893120000	57.453	57.7	57.706	57.453	149.40160069
1582893180000	57.701	57.767	57.899	57.701	415.43484932
1582893240000	57.731	57.585	57.731	57.585	4.80298868
1582893300000	57.583	57.402	57.583	57.369	39.07645991
1582893360000	57.353	57.341	57.372	57.209	210.03357148999999
1582893420000	57.385	57.581	57.59	57.385	184.07821412
1582893480000	57.637	57.73	57.752	57.637	99.87487215
1582893540000	57.649	57.473	57.649	57.473	10.11091521
1582893660000	57.724	57.95	57.95	57.724	28.74111426
1582893720000	57.95	58.292	58.292	57.95	78.86852346
1582893780000	58.292	58.156	58.399	58.156	452.02107003
1582893840000	58.187	58.116	58.379	58.116	1126.17337452
1582893900000	58.102	58.069	58.123	58.069	22.58294582
1582893960000	58.238	58.312	58.312	58.238	38.36816013
1582894020000	58.405	58.479	58.685	58.405	2047.04230685
1582894080000	58.412	58.497	58.501	58.412	13.30019571
1582894140000	58.421	58.362	58.421	58.301	84.14606017
1582894200000	58.406	58.555	58.568	58.361	244.32073667
1582894260000	58.401	58.208	58.401	58.208	19.55264583
1582894320000	58.316	58.175	58.317	58.175	4.89348533
1582894380000	58.189	58.283	58.283	58.183	19.83498878
1582894440000	58.274	58.268	58.33	58.233	9.62186176
1582894500000	58.316	58.408	58.408	58.316	8.81613912
1582894560000	58.484	58.469	58.514	58.363	58.63049502
1582894620000	58.488	58.513	58.513	58.488	8.0
1582894680000	58.34	58.398	58.398	58.3	64.25929379
1582894740000	58.329	58.329	58.329	58.329	0.12962791
1582894800000	58.421	58.265	58.421	58.265	54.03624015
1582894860000	58.165	58.2	58.2	58.056	126.02710082
1582894920000	58.132	58.06	58.132	58.06	200.0
1582894980000	58.173	58.384	58.384	58.173	22.39752634
1582895040000	58.406	58.624	58.624	58.405	74.23866217
1582895100000	58.649	58.811	58.83	58.649	83.1485217
1582895160000	58.858	58.839	58.972	58.839	134.82727137
1582895220000	58.824	59.078	59.078	58.798	96.58010095
1582895280000	59.119	59.623	59.827	59.119	533.68905752
1582895340000	59.51	59.283	59.51	59.054	180.95051528
1582895400000	59.4	59.788	59.788	59.4	80.21516574
1582895460000	59.663	59.542	59.691	59.542	209.35624063
1582895520000	59.441	59.463	59.478	59.441	28.77700692
1582895580000	59.48	59.271	59.48	59.271	9.58144851
1582895640000	59.287	59.254	59.287	59.248	51.991095040000005
1582895700000	59.255	59.403	59.404	59.185	64.00312039
1582895760000	59.479	59.723	59.725	59.479	16.31568378
1582895820000	59.666	59.48	59.686	59.48	27.54148443
1582895880000	59.561	59.705	59.705	59.561	123.08999999999999
1582895940000	59.705	59.705	59.705	59.705	33.0
1582896000000	59.661	59.679	59.679	59.59	77.54549317
1582896060000	59.623	59.667	59.667	59.5	277.63641892
1582896120000	59.621	59.662	59.662	59.564	116.33483335
1582896180000	59.599	59.597	59.599	59.597	21.24221835
1582896240000	59.495	59.47	59.557	59.435	619.66911785
1582896300000	59.487	59.543	59.543	59.423	393.5534179
1582896420000	59.547	59.411	59.548	59.411	209.85847578
1582896480000	59.413	59.486	59.492	59.291	91.70451577
1582896540000	59.57	59.646	59.646	59.57	2.41033
1582896600000	59.639	59.631	59.746	59.551	255.69705561
1582896660000	59.579	59.6	59.601	59.579	52.77436424
1582896720000	59.6	59.52	59.601	59.52	14.22327693
1582896780000	59.544	59.589	59.589	59.544	6.5
1582896840000	59.566	59.571	59.571	59.566	2.3125158
1582896900000	59.76	59.79	59.79	59.76	40.5
1582896960000	59.789	59.974	59.974	59.789	159.634873
1582897020000	59.976	60.076	60.093	59.946	13.75216495
1582897080000	60.113	59.879	60.113	59.879	91.28322791000001
1582897140000	59.912	59.885	60.0	59.868	27.70803213
1582897200000	59.865	59.818	59.865	59.818	17.14714318
1582897320000	59.822	59.884	59.884	59.819	15.708
1582897380000	59.818	59.718	59.818	59.717	93.63582909
1582897440000	59.717	59.636	59.717	59.636	23.383668
1582897500000	59.619	59.415	59.619	59.414	93.86952893
1582897560000	59.426	59.361	59.426	59.361	51.0
1582897620000	59.445	59.445	59.445	59.445	0.3
1582897680000	59.459	59.333	59.459	59.333	68.3409715
1582897740000	59.333	59.324	59.333	59.314	1.20446441
1582897800000	59.323	59.154	59.323	59.154	206.776
1582897860000	59.359	59.279	59.359	59.279	71.0
1582897920000	59.298	59.207	59.318	59.207	4.09757553
1582897980000	59.218	59.218	59.218	59.218	5.0
1582898040000	59.153	59.153	59.153	59.153	0.1
1582898100000	59.203	59.347	59.347	59.203	2.86201679
1582898160000	59.406	59.406	59.406	59.406	8.0
1582898220000	59.455	59.687	59.687	59.455	14.482000000000001
1582898280000	59.687	59.509	59.687	59.509	8.769
1582898340000	59.62	59.62	59.62	59.62	0.1
1582898400000	59.649	59.655	59.722	59.649	13.6004
1582898460000	59.66	59.574	59.679	59.574	24.006596350000002
1582898520000	59.553	59.473	59.553	59.472	11.80481
1582898580000	59.414	59.36	59.414	59.36	11.68041814
1582898640000	59.443	59.407	59.443	59.368	26.11295962
1582898880000	59.348	59.232	59.348	59.232	0.853
1582898940000	59.232	59.221	59.254	59.171	44.85712341
1582899000000	59.183	59.247	59.247	59.183	11.25
1582899060000	59.233	59.233	59.233	59.233	1.05
1582899120000	59.179	59.092	59.179	59.092	172.45000000000002
1582899180000	59.209	59.092	59.209	59.092	2.9951249200000003
1582899240000	59.1	59.1	59.1	59.1	10.0
1582899300000	59.111	59.325	59.325	59.111	207.94952557
1582899360000	59.16	59.225	59.225	59.16	10.0
1582899420000	59.288	59.288	59.288	59.288	0.11064952
1582899480000	59.323	59.248	59.323	59.248	5.8930552899999995
1582899540000	59.271	59.271	59.271	59.271	5.0
1582899600000	59.127	58.959	59.127	58.949	76.69745061
1582899660000	59.023	58.982	59.023	58.982	6.853999999999999
1582899720000	59.034	59.07	59.07	59.034	15.940000000000001
1582899780000	58.973	58.955	58.973	58.955	2.519
1582899840000	58.954	59.072	59.072	58.954	2.849
1582899900000	58.99	58.889	58.99	58.889	46.60083826
1582899960000	58.889	58.848	58.889	58.848	38.78072889
1582900020000	58.828	58.788	58.828	58.788	34.12933884
1582900080000	58.78	58.586	58.78	58.586	662.95807098
1582900140000	58.716	58.587	58.716	58.587	0.76394452
1582900200000	58.678	58.873	58.891	58.678	98.00189757999999
1582900260000	58.804	58.676	58.804	58.676	17.39434981
1582900320000	58.718	58.742	58.742	58.663	50.10306209
1582900380000	58.769	58.879	58.879	58.769	7.835
1582900440000	58.886	58.886	58.886	58.886	1.93453569
1582900500000	58.89	58.855	58.89	58.855	2.0
1582900560000	58.965	58.993	58.993	58.965	8.629595609999999
1582900620000	59.043	59.083	59.083	59.043	3.8060129700000003
1582900680000	59.248	59.299	59.339	59.248	8.75372719
1582900740000	59.277	59.22	59.277	59.22	3.471
1582900800000	59.244	59.167	59.244	59.163	35.25634118
1582900920000	59.306	59.306	59.306	59.306	1.84899596
1582901040000	59.227	59.308	59.341	59.227	2.14264504
1582901100000	59.17	59.17	59.17	59.17	0.1
1582901160000	59.17	59.127	59.19	59.127	14.183000000000002
1582901220000	59.09	59.125	59.136	59.077	9.90873978
1582901280000	59.201	59.191	59.201	59.191	10.0
1582901460000	59.125	59.125	59.125	59.125	1.85794809
1582901520000	59.268	59.268	59.268	59.268	1.845
1582901580000	59.268	59.392	59.392	59.268	10.89205536
1582901640000	59.375	59.455	59.455	59.375	2.32301029
1582901700000	59.464	59.538	59.644	59.464	2000.1000000000001
1582901820000	59.611	59.647	59.647	59.611	1.1500000000000001
1582901880000	59.647	59.849	59.851	59.647	155.84459175
1582901940000	59.844	59.7	59.88	59.7	51.5936
1582902000000	59.601	59.391	59.601	59.391	162.97303335
1582902060000	59.416	59.425	59.425	59.416	3.7504
1582902120000	59.5	59.538	59.538	59.5	5.175799
1582902180000	59.573	59.555	59.573	59.551	11.77990715
1582902240000	59.55	59.55	59.55	59.55	20.0
1582902300000	59.484	59.452	59.484	59.452	8.1
1582902360000	59.447	59.492	59.492	59.349	7.834300000000001
1582902420000	59.38	59.271	59.38	59.271	28.60766503
1582902480000	59.279	59.314	59.314	59.279	8.1
1582902600000	59.232	59.247	59.254	59.155	10.487296
1582902720000	59.237	59.237	59.237	59.237	1.83813194
1582902780000	59.294	59.425	59.454	59.294	41.93219539
1582902840000	59.425	59.396	59.453	59.396	11.82272892
1582902900000	59.445	59.348	59.458	59.348	14.308
1582902960000	59.28	59.28	59.28	59.28	8.45327963
1582903020000	59.28	59.243	59.28	59.243	71.65149174999999
1582903140000	59.224	59.164	59.224	59.164	0.4
1582903260000	59.155	59.141	59.155	59.141	1.0
1582903320000	59.22	59.222	59.222	59.22	19.6
1582903380000	59.128	59.128	59.128	59.128	0.5
1582903440000	59.186	59.186	59.186	59.186	1.8402035600000002
1582903500000	59.305	59.377	59.411	59.305	8.84024381
1582903560000	59.38	59.38	59.38	59.38	3.59
1582903620000	59.45	59.446	59.455	59.446	7.05699672
1582903680000	59.454	59.45	59.457	59.45	5.54210402
1582903740000	59.488	59.532	59.532	59.488	6.29480483
1582903800000	59.566	59.687	59.687	59.5	35.64595766
1582903860000	59.726	60.008	60.008	59.726	537.4241284
1582903920000	59.956	59.859	59.956	59.859	7.78187324
1582903980000	59.908	59.945	59.945	59.876	34.56587846
1582904040000	59.935	59.877	59.935	59.877	143.88152813
1582904100000	59.941	59.837	59.962	59.837	33.18017419
1582904160000	59.801	59.712	59.801	59.712	25.0
1582904220000	59.703	59.774	59.774	59.7	21.34829126
1582904340000	59.808	59.782	59.808	59.782	5.25
1582904400000	59.783	59.824	59.861	59.783	15.94528309
1582904460000	59.751	59.765	59.765	59.751	1.8090459
1582904520000	59.712	59.713	59.713	59.712	135.09
1582904580000	59.736	59.729	59.736	59.729	1.28083188
1582904640000	59.795	59.658	59.795	59.658	4.576542
1582904700000	59.679	59.753	59.753	59.679	4.68571603
1582904760000	59.654	59.654	59.654	59.654	0.16
1582904820000	59.619	59.676	59.676	59.619	2.63645591
1582904880000	59.669	59.669	59.669	59.669	18.53398936
1582905000000	59.734	59.734	59.734	59.734	22.35802605
1582905060000	59.801	59.88	59.886	59.801	19.77931448
1582905180000	59.841	59.846	59.846	59.841	8.1369
1582905240000	59.957	60.113	60.113	59.957	22.54106154
1582905300000	60.113	60.251	60.251	60.089	87.51026784
1582905360000	60.16	60.416	60.416	60.16	89.77299549
1582905420000	60.378	60.38	60.399	60.378	130.5741725
1582905480000	60.378	60.413	60.432	60.377	40.31225754
1582905540000	60.45	60.414	60.616	60.414	66.96306969
1582905600000	60.434	60.252	60.444	60.114	92.18834954
1582905660000	60.388	60.577	60.577	60.388	35.69506584
1582905720000	60.584	60.581	60.62	60.425	58.30477886
1582905780000	60.501	60.316	60.501	60.316	121.9292906
1582905840000	60.278	60.238	60.278	60.238	7.01633068
1582905900000	60.205	60.151	60.205	60.102	11.97306928
1582905960000	60.123	59.967	60.123	59.967	48.03046895
1582906020000	60.028	60.151	60.151	60.028	44.234
1582906080000	60.267	60.118	60.329	60.118	42.9
1582906140000	60.105	60.118	60.118	60.105	3.396
1582906200000	60.079	59.95	60.079	59.95	23.294119889999997
1582906260000	59.929	60.027	60.027	59.929	13.625654
1582906320000	60.059	60.059	60.06	60.059	2.06590506
1582906380000	59.955	59.955	59.955	59.955	0.1
1582906500000	60.0	60.153	60.153	60.0	21.77655994
1582906560000	60.116	60.12	60.12	60.116	1.04210288
1582906620000	60.038	60.038	60.038	60.038	10.0
1582906800000	60.1	60.011	60.1	60.011	55.55749
1582906860000	59.994	59.994	59.994	59.994	0.1
1582906980000	59.89	59.874	59.89	59.851	2.81424277
1582907280000	59.852	59.813	59.852	59.813	2.14698462
1582907340000	59.867	59.862	59.867	59.862	2.175
1582907400000	59.937	59.937	59.937	59.937	0.3
1582907460000	59.944	60.113	60.113	59.944	10.41316516
1582907520000	60.136	60.092	60.136	60.092	4.12008926
1582907580000	60.105	60.132	60.151	60.105	4.17986132
1582907640000	60.119	60.208	60.235	60.119	8.969508
1582907760000	60.121	60.109	60.121	60.109	17.37582898
1582907820000	60.079	60.119	60.119	60.036	59.53438516
1582907940000	60.012	60.011	60.012	60.011	20.3
1582908000000	60.036	59.891	60.036	59.891	506.06964494
1582908060000	59.891	59.856	59.891	59.856	3.006824
1582908120000	59.905	59.905	59.905	59.905	76.21683762
1582908180000	59.871	59.871	59.871	59.871	1.1729
1582908240000	59.851	59.748	59.851	59.748	6.09200079
1582908300000	59.748	59.748	59.748	59.748	2.25
1582908360000	59.748	59.619	59.748	59.619	4.65399921
1582908540000	59.582	59.571	59.582	59.571	10.967
1582908600000	59.645	59.724	59.724	59.645	3.85932619
1582908660000	59.72	59.608	59.72	59.608	40.16193414
1582908720000	59.596	59.681	59.681	59.582	16.21540511
1582908840000	59.649	59.651	59.651	59.649	1.9120013999999999
1582908900000	59.639	59.639	59.639	59.639	1.581233
1582908960000	59.616	59.791	59.791	59.616	230.8006
1582909020000	59.722	59.722	59.722	59.722	100.0
1582909080000	59.655	59.584	59.655	59.584	8.2
1582909140000	59.603	59.603	59.603	59.603	1.0
1582909200000	59.622	59.634	59.675	59.607	21.011
1582909260000	59.572	59.503	59.593	59.503	15.001590270000001
1582909320000	59.465	59.25	59.465	59.249	108.86558189
1582909380000	59.232	59.181	59.232	59.179	2.6
1582909440000	59.156	58.9	59.156	58.851	612.67964388
1582909500000	58.959	59.066	59.067	58.959	17.88208272
1582909560000	59.078	59.15	59.206	59.078	17.971589
1582909620000	59.086	59.017	59.086	59.017	33.890939
1582909680000	58.973	58.918	58.973	58.892	7.55703636
1582909740000	58.983	58.999	59.045	58.983	21.33455085
1582909800000	58.935	58.913	58.935	58.893	10.4895
1582909860000	58.855	58.864	58.875	58.75	389.89547083
1582909920000	58.903	58.949	58.949	58.903	9.96192723
1582909980000	58.915	58.915	58.915	58.915	0.1
1582910040000	58.867	58.812	58.867	58.812	15.5
1582910100000	58.802	58.75	58.802	58.75	25.46303511
1582910160000	58.75	58.751	58.772	58.75	13.30171754
1582910220000	58.75	58.75	58.76	58.75	22.80312002
1582910280000	58.795	58.79	58.835	58.755	16.83229597
1582910340000	58.799	58.76	58.799	58.76	2.2
1582910400000	58.75	58.85	58.85	58.75	42.26368187
1582910460000	58.944	58.965	58.965	58.944	45.1
1582910520000	58.978	58.978	58.978	58.978	5.0
1582910640000	59.066	59.06	59.066	59.06	0.75
1582910700000	59.055	58.964	59.055	58.964	5.25
1582910760000	59.06	59.06	59.06	59.06	0.1
1582910820000	59.102	59.081	59.112	59.081	20.700000000000003
1582910880000	59.062	59.196	59.196	59.062	2.17683815
1582910940000	59.162	59.034	59.162	59.024	53.633
1582911000000	59.033	59.034	59.034	59.033	0.25
1582911060000	59.047	59.034	59.047	59.034	11.74182
1582911180000	58.91	58.588	58.91	58.586	243.49201884
1582911240000	58.586	58.516	58.586	58.344	292.03703125
1582911300000	58.505	58.404	58.507	58.384	31.44558725
1582911360000	58.4	58.427	58.427	58.4	33.46907248
1582911420000	58.427	58.286	58.427	58.283	157.83710618
1582911480000	58.328	58.534	58.534	58.327	49.77853295
1582911540000	58.458	58.591	58.591	58.458	4.519
1582911600000	58.591	58.654	58.655	58.591	6.48901029
1582911660000	58.595	58.562	58.595	58.562	2.528533
1582911720000	58.548	58.548	58.548	58.548	0.1
1582911780000	58.56	58.532	58.56	58.523	6.4868855
1582911840000	58.5	58.45	58.5	58.45	101.34300571
1582911900000	58.443	58.544	58.661	58.443	328.35181929
1582911960000	58.549	58.672	58.672	58.531	218.65824472
1582912020000	58.594	58.626	58.69	58.549	226.23390335
1582912080000	58.648	58.66	58.668	58.642	3.7
1582912140000	58.689	59.215	59.285	58.689	1043.63049342
1582912200000	59.249	58.96	59.249	58.96	165.64944382
1582912260000	59.053	58.992	59.053	58.91	57.62203529
1582912320000	58.991	58.991	58.991	58.991	1.674604
1582912380000	58.964	58.762	58.974	58.762	38.93219123
1582912440000	58.76	58.76	58.76	58.76	1.5763399
1582912500000	58.916	58.893	58.916	58.893	16.0
1582912560000	58.907	58.907	58.907	58.907	9.69603636
1582912620000	58.882	58.882	58.882	58.882	8.0
1582912680000	58.831	58.92	58.92	58.821	15.08722226
1582912740000	58.922	58.92	58.922	58.845	14.81245403
1582912800000	59.063	59.073	59.073	59.063	5.0
1582912860000	58.908	58.703	58.908	58.703	1.1
1582912920000	58.788	58.788	58.788	58.788	1.53136304
1582912980000	58.789	58.839	58.839	58.789	1.6442134800000001
1582913040000	58.768	58.813	58.813	58.767	23.18659598
1582913100000	58.898	58.898	58.898	58.898	1.0
1582913160000	58.85	58.847	58.85	58.847	1.6
1582913280000	58.939	59.188	59.188	58.939	19.18401131
1582913340000	59.178	59.299	59.299	59.178	234.99508228000002
1582913460000	59.298	59.298	59.298	59.298	0.37
1582913520000	59.175	59.18	59.18	59.175	3.1
1582913580000	59.247	59.237	59.247	59.237	0.6
1582913640000	59.3	59.3	59.3	59.3	0.1
1582913700000	59.153	59.112	59.153	59.112	20.66348143
1582913940000	59.112	59.025	59.112	59.025	303.65177335
1582914000000	59.001	58.856	59.001	58.856	449.17226008
1582914060000	58.861	58.937	58.937	58.861	0.97792513
1582914240000	58.951	58.951	58.951	58.951	1.0
1582914300000	58.969	58.971	58.971	58.969	7.8316
1582914480000	58.899	58.758	58.899	58.758	7.62696632
1582914540000	58.751	58.653	58.751	58.653	11.51453421
1582914660000	58.65	58.65	58.65	58.65	3.413
1582914720000	58.716	58.729	58.729	58.715	33.413
1582914780000	58.665	58.737	58.774	58.665	32.62
1582914840000	58.832	58.832	58.832	58.832	0.1
1582914900000	58.795	58.726	58.795	58.726	5.5543419400000005
1582915020000	58.766	58.649	58.766	58.649	4.32676849
1582915080000	58.731	58.82	58.82	58.731	18.60091941
1582915320000	58.685	58.685	58.685	58.685	1.50961093
1582915380000	58.601	58.466	58.601	58.466	19.47506469
1582915440000	58.602	58.602	58.602	58.602	0.1
1582915500000	58.68	58.68	58.68	58.68	7.851964
1582915560000	58.598	58.618	58.618	58.598	6.92207003
1582915620000	58.592	58.608	58.608	58.566	44.04180963
1582915680000	58.683	58.787	58.787	58.647	89.38727949
1582915740000	58.853	58.848	58.938	58.848	5.7652551800000005
1582915800000	58.837	58.843	58.845	58.837	11.90161586
1582915860000	58.787	58.759	58.787	58.759	30.20202574
1582915920000	58.778	58.78	58.785	58.778	11.86
1582915980000	58.816	58.811	58.816	58.801	17.69451412
1582916040000	58.79	58.577	58.79	58.577	240.832203
1582916100000	58.533	58.533	58.533	58.533	0.1
1582916160000	58.554	58.563	58.563	58.554	20.0
1582916220000	58.665	58.716	58.716	58.665	100.0
1582916280000	58.667	58.657	58.667	58.657	11.40731758
1582916340000	58.66	58.66	58.66	58.66	29.68516585
1582916400000	58.529	58.587	58.587	58.529	1.4
1582916520000	58.771	58.816	58.817	58.771	198.0
1582916640000	58.833	58.694	58.834	58.694	26.42323676
1582916700000	58.709	58.662	58.709	58.662	7.44977891
1582916760000	58.541	58.517	58.541	58.46	17.27347742
1582916820000	58.538	58.362	58.538	58.362	107.51533521
1582916880000	58.393	58.293	58.482	58.293	4.0
1582916940000	58.283	58.121	58.283	58.121	183.36051678
1582917000000	58.122	58.101	58.126	58.101	16.658
1582917060000	58.19	58.101	58.19	58.101	28.67645575
1582917120000	58.095	58.187	58.187	58.094	50.5
1582917300000	58.092	58.092	58.092	58.092	14.63
1582917360000	58.26	58.424	58.431	58.259	18.05468228
1582917420000	58.234	58.234	58.234	58.234	0.2
1582917480000	58.222	58.267	58.418	58.222	242.1
1582917540000	58.313	58.539	58.539	58.313	46.14062991
1582917600000	58.484	58.771	58.771	58.452	50.0355
1582917660000	58.746	58.584	58.746	58.575	45.82445208
1582917780000	58.546	58.501	58.546	58.501	16.60720808
1582917900000	58.535	58.666	58.666	58.534	24.78414341
1582917960000	58.791	58.709	58.801	58.684	22.73722381
1582918020000	58.716	58.716	58.716	58.716	0.1
1582918200000	58.593	58.593	58.593	58.593	1.5143352
1582918260000	58.564	58.564	58.564	58.564	0.1
1582918320000	58.585	58.577	58.614	58.564	11.99567614
1582918380000	58.614	58.614	58.614	58.614	3.98683704
1582918440000	58.578	58.578	58.578	58.578	3.98823134
1582918500000	58.435	58.315	58.435	58.315	10.25881089
1582918560000	58.437	58.436	58.437	58.436	17.105
1582918620000	58.43	58.388	58.43	58.388	18.36
1582918680000	58.327	58.327	58.327	58.327	0.1
1582918740000	58.334	58.333	58.334	58.333	9.6
1582918800000	58.349	58.349	58.349	58.349	15.0
1582918860000	58.279	58.26	58.279	58.26	16.713972300000002
1582918920000	58.282	58.29	58.29	58.282	1.6
1582918980000	58.268	58.278	58.278	58.256	50.11967327
1582919040000	58.3	58.381	58.381	58.28	970.69667353
1582919100000	58.427	58.5	58.51	58.427	210.42027335
1582919160000	58.5	58.4	58.5	58.4	163.82849311
1582919220000	58.4	58.4	58.4	58.4	35.43491732
1582919280000	58.4	58.4	58.4	58.4	19.17577913
1582919340000	58.455	58.455	58.456	58.41	12.257168199999999
1582919460000	58.457	58.456	58.457	58.456	12.74240324
1582919520000	58.481	58.481	58.481	58.481	0.25
1582919580000	58.469	58.43	58.469	58.43	8.766935
1582919700000	58.472	58.423	58.497	58.423	12.37233359
1582919820000	58.452	58.452	58.452	58.452	0.7513
1582919880000	58.44	58.433	58.44	58.433	10.205583319999999
1582920000000	58.552	58.497	58.552	58.497	19.8495433
1582920060000	58.588	58.588	58.588	58.588	2.107
1582920120000	58.693	58.809	58.809	58.693	80.2
1582920180000	58.896	58.879	59.064	58.879	212.2091342
1582920240000	58.878	59.031	59.031	58.878	15.90348568
1582920300000	58.993	58.994	58.994	58.993	3.0
1582920360000	59.07	59.07	59.07	59.07	0.1
1582920420000	59.118	59.089	59.238	59.089	57.75721369
1582920480000	59.073	59.073	59.073	59.073	20.0
1582920600000	59.041	59.196	59.199	59.041	30.0
1582920660000	59.173	59.174	59.174	59.173	20.0
1582920720000	59.237	59.416	59.416	59.237	11.97628554
1582920780000	59.371	59.378	59.392	59.371	12.13394784
1582920840000	59.372	59.3	59.372	59.3	7.23835214
1582920900000	59.34	59.493	59.493	59.295	20.97013176
1582920960000	59.492	59.648	59.648	59.492	25.60177306
1582921020000	59.527	59.485	59.58	59.485	118.53957332
1582921080000	59.468	59.549	59.549	59.468	121.8317118
1582921140000	59.601	59.6	59.653	59.6	27.45800014
1582921200000	59.66	59.654	59.66	59.644	9.3377921
1582921260000	59.552	59.301	59.552	59.301	225.53131602
1582921320000	59.271	59.271	59.271	59.271	0.251
1582921380000	59.287	59.358	59.358	59.287	1.9
1582921440000	59.396	59.34	59.396	59.34	1.2
1582921500000	59.235	59.155	59.244	59.155	27.635578
1582921560000	59.155	59.081	59.155	58.974	40.6034882
1582921620000	59.103	59.103	59.103	59.103	8.0
1582921740000	59.012	59.012	59.012	59.012	0.19244301
1582921800000	59.146	59.0	59.146	59.0	102.91071538
1582921860000	58.999	59.05	59.05	58.999	2.75
1582921920000	59.117	59.117	59.117	59.117	0.1
1582921980000	59.192	59.143	59.193	59.143	12.41995793
1582922040000	59.223	59.218	59.223	59.218	5.6626274
1582922100000	59.173	59.179	59.192	59.173	13.479842249999999
1582922160000	59.3	59.3	59.3	59.3	0.1
1582922220000	59.3	59.306	59.408	59.296	11.65
1582922280000	59.409	59.409	59.409	59.409	4.09469143
1582922340000	59.31	59.416	59.416	59.31	0.2
1582922400000	59.416	59.568	59.647	59.416	137.94238462
1582922460000	59.633	59.244	59.633	59.244	128.33437917
1582922520000	59.439	59.439	59.439	59.439	0.1
1582922580000	59.305	59.268	59.305	59.248	17.46279436
1582922640000	59.384	59.384	59.384	59.384	5.0
1582922700000	59.31	59.319	59.319	59.31	5.45693977
1582922760000	59.233	59.232	59.233	59.232	1.71102688
1582922820000	59.377	59.377	59.377	59.377	0.1
1582922880000	59.196	59.335	59.335	59.193	3.24302116
1582922940000	59.349	59.282	59.349	59.282	1.1
1582923000000	59.282	59.282	59.282	59.282	0.78007999
1582923060000	59.234	59.234	59.234	59.234	5.327422
1582923240000	59.175	59.155	59.175	59.155	1.68938876
1582923360000	59.198	59.198	59.198	59.198	0.1
1582923480000	59.278	59.278	59.278	59.278	0.1
1582923540000	59.231	59.231	59.231	59.231	0.20917642
1582923600000	59.236	59.202	59.236	59.144	1.9411
1582923660000	59.303	59.303	59.303	59.303	0.6502
1582923720000	59.455	59.454	59.541	59.454	52.57524238
1582923840000	59.402	59.402	59.402	59.402	4.09372361
1582923900000	59.47	59.473	59.482	59.47	71.1804
1582923960000	59.462	59.462	59.462	59.462	0.1
1582924020000	59.465	59.471	59.471	59.465	21.5870795
1582924080000	59.536	59.536	59.536	59.536	2.08197
1582924140000	59.536	59.545	59.61	59.536	2.64987509
1582924200000	59.61	59.73	59.73	59.61	5.85
1582924260000	59.757	59.883	59.918	59.757	33.58501673
1582924320000	59.83	59.762	59.83	59.762	10.208
1582924380000	59.844	59.83	59.906	59.83	21.458
1582924440000	59.797	59.908	59.908	59.797	1.6
1582924500000	59.908	59.599	59.908	59.5	335.76759989
1582924560000	59.604	59.598	59.604	59.5	117.76766658
1582924680000	59.602	59.574	59.602	59.554	13.69
1582924740000	59.676	59.689	59.689	59.676	2.5
1582924800000	59.614	59.668	59.668	59.614	11.103304
1582924860000	59.674	59.714	59.714	59.674	12.01640829
1582924920000	59.803	59.803	59.803	59.803	0.25
1582925040000	59.78	59.72	59.78	59.72	10.0
1582925100000	59.842	59.919	59.919	59.842	0.7
1582925160000	59.919	59.99	60.034	59.919	19.864659760000002
1582925220000	59.987	60.071	60.071	59.83	35.73044276
1582925280000	60.002	59.978	60.049	59.965	27.78018006
1582925340000	59.979	60.035	60.035	59.979	1.77
1582925400000	60.074	60.088	60.088	60.074	11.0
1582925460000	60.088	60.069	60.088	60.058	2.3525
1582925520000	60.044	60.0	60.044	60.0	50.1
1582925640000	60.001	60.002	60.002	60.0	41.32421178
1582925760000	60.007	60.014	60.014	60.007	0.35
1582925820000	60.016	60.047	60.047	59.909	483.79827867
1582925880000	59.97	59.97	59.97	59.97	0.1
1582925940000	59.933	59.932	59.933	59.932	2.0
1582926000000	59.946	59.965	59.965	59.946	13.16431399
1582926120000	59.921	59.93	59.931	59.907	37.839999999999996
1582926240000	59.967	60.001	60.001	59.967	0.22361788999999999
1582926360000	59.909	59.909	59.909	59.909	0.1
1582926420000	59.896	59.896	59.896	59.896	0.1
1582926480000	59.917	60.05	60.05	59.917	24.499221159999998
1582926540000	60.05	60.034	60.07	60.034	0.35
1582926600000	60.034	60.099	60.099	60.034	2.6773792100000002
1582926660000	60.1	60.151	60.151	60.1	30.6833015
1582926720000	60.142	60.123	60.15	60.123	5.0
1582926780000	60.123	60.151	60.151	60.123	4.25
1582926900000	60.025	60.002	60.025	60.002	29.240000000000002
1582926960000	60.057	60.001	60.057	60.001	130.598542
1582927020000	60.025	60.092	60.092	60.025	0.2
1582927080000	60.102	60.12	60.132	60.102	10.0
1582927140000	60.103	60.016	60.119	60.016	10.14187853
1582927200000	60.016	60.016	60.016	60.016	0.00075786
1582927260000	60.072	60.072	60.072	60.072	3.59921292
1582927320000	60.073	60.072	60.073	60.072	6.0101765
1582927380000	60.024	60.138	60.138	60.023	5.4
1582927440000	60.107	60.033	60.107	60.033	8.69679524
1582927500000	60.011	59.973	60.011	59.951	17.88700352
1582927560000	59.96	60.006	60.006	59.96	17.2
1582927620000	60.005	59.938	60.005	59.938	1.75
1582927740000	59.928	59.928	59.928	59.928	0.1
1582927920000	59.984	59.913	59.985	59.913	24.0
1582927980000	60.011	60.011	60.011	60.011	0.1
1582928040000	60.033	60.033	60.033	60.033	0.1
1582928160000	60.098	60.098	60.098	60.098	0.15
1582928220000	60.053	60.114	60.114	60.053	0.2
1582928280000	60.13	60.13	60.13	60.13	0.1
1582928400000	60.137	60.151	60.151	60.137	17.86663208
1582928460000	60.18	60.249	60.277	60.18	106.98320704
1582928520000	60.277	60.3	60.301	60.277	152.33503284
1582928580000	60.301	60.377	60.377	60.301	19.12430434
1582928640000	60.296	60.222	60.296	60.222	10.74355187
1582928700000	60.158	60.172	60.21	60.158	1.65496799
1582928760000	60.139	60.134	60.185	60.134	4.2
1582928820000	60.096	60.061	60.096	60.061	25.0
1582928880000	60.079	60.079	60.079	60.079	0.1
1582929060000	60.162	60.189	60.189	60.162	20.0
1582929120000	60.246	60.246	60.246	60.194	8.95
1582929180000	60.364	60.361	60.4	60.361	21.0
1582929240000	60.401	60.401	60.401	60.401	1.35
1582929300000	60.401	60.401	60.401	60.401	8.663973499999999
1582929360000	60.4	60.4	60.401	60.4	2.25
1582929420000	60.4	60.4	60.4	60.4	3.17344573
1582929480000	60.401	60.422	60.422	60.401	11.611271
1582929540000	60.449	60.452	60.452	60.421	28.1780577
1582929600000	60.452	60.529	60.533	60.452	42.07169751
1582929660000	60.53	60.538	60.538	60.53	15.98224847
1582929720000	60.51	60.502	60.51	60.502	17.212019
1582929780000	60.5	60.641	60.656	60.5	121.62191565
1582929840000	60.655	60.753	60.753	60.655	133.4004175
1582929900000	60.744	60.666	60.744	60.666	7.2699025
1582929960000	60.703	60.703	60.703	60.701	20.25
1582930020000	60.703	60.683	60.703	60.652	2.20330467
1582930080000	60.669	60.636	60.679	60.636	19.205000000000002
1582930140000	60.743	60.673	60.743	60.673	10.1
1582930200000	60.737	60.994	60.994	60.737	1420.39915983
1582930260000	60.926	61.018	61.05	60.926	1078.79915482
1582930320000	61.0	61.001	61.029	61.0	185.57508467
1582930380000	61.009	61.0	61.018	61.0	126.54484127
1582930440000	61.0	60.947	61.0	60.911	325.58340686
1582930500000	60.947	61.104	61.104	60.947	43.59637311
1582930560000	61.103	61.119	61.119	61.064	13.85
1582930620000	61.134	61.157	61.157	61.134	20.73076923
1582930680000	61.187	60.967	61.204	60.967	104.22141105
1582930740000	61.098	61.204	61.204	61.098	17.3
1582930800000	61.204	61.45	61.486	61.204	439.72643998
1582930860000	61.389	61.486	61.486	61.389	4.25811462
1582930920000	61.485	61.416	61.485	61.41	89.41118956
1582930980000	61.433	61.433	61.433	61.433	0.1
1582931040000	61.321	60.9	61.321	60.9	16.45561959
1582931100000	60.896	61.0	61.01	60.785	1516.42504235
1582931160000	61.0	60.83	61.005	60.83	153.71785463999998
1582931220000	60.845	60.853	60.9	60.803	20.49
1582931280000	60.824	60.824	60.824	60.824	0.1
1582931460000	60.857	60.785	60.857	60.785	0.2
1582931520000	60.786	60.807	60.807	60.723	151.47063484
1582931700000	60.781	60.551	60.781	60.551	2.9245966500000002
1582931760000	60.548	60.647	60.647	60.548	7.458041000000001
1582931820000	60.687	60.796	60.796	60.687	13.54508229
1582931880000	60.801	60.738	60.801	60.738	250.29980261999998
1582931940000	60.629	60.576	60.629	60.576	8.7844771
1582932000000	60.559	60.537	60.559	60.515	1.6706299999999998
1582932060000	60.647	60.647	60.647	60.647	0.1
1582932120000	60.595	60.58	60.609	60.58	12.28803347
1582932180000	60.578	60.578	60.578	60.578	0.25
1582932240000	60.641	60.745	60.75	60.64	4.76832662
1582932300000	60.716	60.714	60.716	60.714	15.1
1582932360000	60.7	60.7	60.7	60.7	0.56319698
1582932420000	60.712	60.713	60.713	60.712	0.5
1582932480000	60.74	60.74	60.74	60.74	0.1
1582932540000	60.688	60.688	60.688	60.688	0.1
1582932600000	60.73	60.73	60.73	60.73	0.1
1582932660000	60.746	60.747	60.747	60.744	13.50083143
1582932720000	60.749	60.844	60.844	60.749	13.552777129999999
1582932780000	60.841	60.864	60.891	60.84	90.53198604
1582932840000	60.864	60.754	60.864	60.754	8.09186503
1582932900000	60.754	60.845	60.845	60.75	35.14434779
1582932960000	60.839	60.737	60.839	60.737	8.12
1582933080000	60.767	60.968	60.968	60.75	1958.59244179
1582933140000	60.85	60.839	60.948	60.83	230.82890155
1582933200000	60.864	60.902	60.902	60.864	34.616599289999996
1582933260000	60.891	61.0	61.001	60.859	892.77934306
1582933320000	61.0	60.864	61.0	60.864	158.27103773
1582933380000	60.769	60.751	60.769	60.745	3.2160545700000003
1582933440000	60.675	60.81	60.81	60.675	37.97596052
1582933500000	60.679	60.6	60.679	60.6	2.501
1582933560000	60.586	60.509	60.586	60.509	0.852
1582933620000	60.509	60.529	60.529	60.4	128.28000708
1582933680000	60.46	60.493	60.493	60.46	2.29734563
1582933740000	60.4	60.393	60.4	60.393	6.7744182
1582933800000	60.355	60.447	60.447	60.297	18.576104530000002
1582933860000	60.434	60.474	60.474	60.415	1.3547400200000002
1582933920000	60.4	60.5	60.5	60.398	60.58046742
1582933980000	60.5	60.285	60.5	60.285	54.69465475
1582934100000	60.277	60.143	60.277	60.03	113.81605876
1582934160000	60.089	60.031	60.139	60.031	5.20969594
1582934220000	60.073	60.14	60.222	60.062	16.43664952
1582934280000	60.173	60.188	60.188	60.173	3.67077226
1582934340000	60.162	60.162	60.162	60.162	0.25
1582934400000	60.174	60.283	60.283	60.107	22.77621913
1582934460000	60.344	60.547	60.547	60.344	21.70332781
1582934520000	60.523	60.456	60.523	60.456	8.24535798
1582934580000	60.521	60.626	60.654	60.521	28.03273926
1582934640000	60.663	60.715	60.732	60.663	45.80684197
1582934700000	60.675	60.733	60.733	60.675	1.0
1582934760000	60.658	60.7	60.7	60.658	14.65365927
1582934820000	60.678	60.678	60.678	60.678	0.1
1582934880000	60.564	60.606	60.606	60.564	8.62761659
1582934940000	60.7	60.707	60.72	60.695	25.76433566
1582935000000	60.624	60.736	60.736	60.614	23.5015271
1582935060000	60.75	60.791	60.809	60.74	17.428927
1582935120000	60.753	60.769	60.769	60.719	2.27973686
1582935180000	60.8	60.785	60.848	60.785	1.5933
1582935240000	60.836	60.875	60.875	60.836	2.6431
1582935360000	60.792	60.792	60.792	60.792	0.25
1582935420000	60.787	60.787	60.787	60.787	0.1
1582935540000	60.851	60.851	60.851	60.851	19.78905993
1582935600000	60.885	60.964	60.964	60.885	6.46298933
1582935660000	61.003	60.953	61.04	60.953	17.635871769999998
1582935720000	61.041	61.043	61.125	61.041	11.148
1582935780000	61.013	61.024	61.024	60.988	11.1
1582935840000	61.024	61.105	61.105	61.024	31.262878
1582935900000	61.08	61.165	61.165	61.08	3.69098923
1582935960000	61.196	61.196	61.196	61.196	0.25
1582936020000	61.135	61.059	61.135	61.058	22.217
1582936080000	61.044	61.044	61.044	61.044	1.0
1582936200000	61.122	61.24	61.24	61.119	100.7
1582936260000	61.267	61.271	61.271	61.267	10.0
1582936320000	61.273	61.389	61.389	61.273	3.69132812
1582936380000	61.417	61.304	61.507	61.304	262.17377141
1582936440000	61.397	61.397	61.397	61.397	0.1
1582936500000	61.373	61.373	61.373	61.373	0.2
1582936560000	61.506	61.417	61.571	61.417	270.27894659
1582936620000	61.362	61.361	61.362	61.361	5.0
1582936740000	61.304	61.244	61.304	61.244	1.30778521
1582936800000	61.431	61.374	61.431	61.373	20.85
1582936860000	61.379	61.404	61.404	61.379	1.1379914800000002
1582936980000	61.323	61.343	61.343	61.323	3.0
1582937040000	61.405	61.404	61.405	61.404	7.63587908
1582937100000	61.404	61.403	61.404	61.294	7.067520920000001
1582937160000	61.325	61.325	61.325	61.325	0.1
1582937220000	61.232	61.18	61.232	61.089	11.46333036
1582937280000	61.115	61.083	61.115	60.973	2.88994902
1582937340000	61.078	61.139	61.139	61.078	33.37641953
1582937400000	61.026	61.101	61.101	61.018	27.694
1582937460000	61.07	61.087	61.09	61.07	46.14309882
1582937520000	61.078	61.046	61.078	61.046	20.25764202
1582937580000	61.099	61.054	61.099	61.054	73.27352743
1582937640000	60.995	61.173	61.173	60.995	5.05157527
1582937700000	61.114	61.191	61.191	61.114	48.561400000000006
1582937760000	61.195	61.306	61.306	61.195	56.30586463
1582938000000	61.091	61.075	61.15	61.075	16.277342649999998
1582938060000	61.114	61.24	61.24	61.114	12.61978449
1582938120000	61.265	61.212	61.272	61.212	73.80373165
1582938180000	61.23	61.241	61.241	61.23	12.50629732
1582938240000	61.233	61.157	61.256	61.157	3.52911793
1582938300000	61.172	61.174	61.212	61.172	3.1905423
1582938420000	61.173	61.183	61.183	61.173	2.69
1582938480000	61.077	61.138	61.138	61.077	0.98182
1582938540000	61.065	61.029	61.065	61.029	9.264227
1582938600000	60.973	60.945	60.973	60.945	0.451
1582938660000	60.945	60.842	60.945	60.842	19.56058622
1582938720000	60.845	60.936	60.936	60.845	28.69938593
1582938780000	60.819	60.78	60.819	60.78	1.25
1582938840000	60.791	60.778	60.799	60.778	1.287
1582938900000	60.778	60.72	60.778	60.703	2.45145664
1582938960000	60.809	60.859	60.86	60.809	63.67637673
1582939020000	60.844	60.817	60.844	60.793	43.31878935
1582939080000	60.842	60.898	60.898	60.842	3.09456038
1582939140000	60.875	60.875	60.875	60.875	8.0321719
1582939200000	60.873	60.809	60.873	60.809	8.77868894
1582939260000	60.855	60.855	60.855	60.855	2.0
1582939380000	60.77	60.835	60.835	60.77	24.38483303
1582939560000	60.784	60.75	60.784	60.75	18.376743169999997
1582939620000	60.75	60.75	60.75	60.75	34.860786929999996
1582939680000	60.703	60.546	60.703	60.546	10.71271919
1582939740000	60.52	60.659	60.659	60.471	111.03170323
1582939800000	60.524	60.461	60.524	60.45	9.5529054
1582939860000	60.433	60.332	60.433	60.332	11.56447623
1582939920000	60.504	60.437	60.51	60.437	49.35228776
1582939980000	60.539	60.516	60.539	60.497	21.23738852
1582940040000	60.477	60.455	60.477	60.455	73.15629181
1582940100000	60.455	60.51	60.51	60.455	9.231752440000001
1582940160000	60.572	60.573	60.573	60.572	15.919999999999998
1582940280000	60.653	60.654	60.654	60.653	0.5982000000000001
1582940340000	60.693	60.809	60.809	60.693	1.82183547
1582940400000	60.848	60.861	60.924	60.848	130.35433436
1582940460000	60.843	60.866	60.866	60.8	39.50366257
1582940520000	60.82	60.82	60.82	60.82	16.183
1582940640000	60.8	60.8	60.8	60.8	18.254
1582940700000	60.82	60.848	60.892	60.82	4.6259999999999994
1582940940000	60.899	60.899	60.899	60.899	0.1
1582941120000	60.692	60.679	60.692	60.679	10.56732674
1582941180000	60.633	60.633	60.633	60.633	2.0
1582941240000	60.597	60.518	60.597	60.505	8.52184907
1582941300000	60.48	60.5	60.5	60.48	0.30000000000000004
1582941360000	60.47	60.47	60.47	60.47	0.251
1582941420000	60.432	60.486	60.486	60.414	3.021
1582941480000	60.442	60.393	60.442	60.393	0.851
1582941540000	60.354	60.245	60.354	60.245	6.93319119
1582941600000	60.277	60.327	60.327	60.277	0.35
1582941660000	60.389	60.38	60.403	60.38	27.91072038
1582941720000	60.413	60.383	60.413	60.383	7.332532390000001
1582941780000	60.434	60.55	60.55	60.434	6.82661681
1582941840000	60.55	60.577	60.577	60.55	5.15
1582941900000	60.541	60.514	60.552	60.514	80.10642844
1582942020000	60.442	60.442	60.442	60.442	0.1
1582942140000	60.402	60.402	60.402	60.402	0.1
1582942200000	60.369	60.369	60.369	60.369	0.1
1582942260000	60.335	60.335	60.335	60.335	2.726
1582942380000	60.35	60.291	60.35	60.291	14.99001486
1582942440000	60.3	60.3	60.3	60.3	2.719
1582942500000	60.36	60.357	60.36	60.357	3.48832505
1582942560000	60.39	60.39	60.39	60.39	2.707
1582942620000	60.519	60.55	60.55	60.519	2.7920000000000003
1582942740000	60.587	60.6	60.6	60.587	5.34482557
1582942800000	60.616	60.619	60.619	60.616	1.85
1582942860000	60.596	60.575	60.596	60.575	9.08049527
1582942920000	60.575	60.575	60.575	60.575	0.1
1582942980000	60.616	60.731	60.731	60.616	16.94615527
1582943040000	60.732	60.584	60.732	60.584	1.90000509
1582943160000	60.608	60.608	60.608	60.608	7.71389372
1582943220000	60.545	60.559	60.559	60.545	3.5999999999999996
1582943340000	60.506	60.506	60.506	60.506	2.0
1582943400000	60.483	60.355	60.483	60.354	73.66790543
1582943460000	60.325	60.321	60.325	60.316	12.551
1582943520000	60.277	60.141	60.277	60.141	14.463999999999999
1582943580000	60.138	60.083	60.138	60.083	2.932
1582943640000	60.141	60.141	60.141	60.141	0.1
1582943700000	60.155	60.155	60.155	60.155	2.67
1582943760000	60.265	60.265	60.265	60.265	2.659
1582943880000	60.343	60.343	60.343	60.343	2.629
1582943940000	60.383	60.38	60.4	60.38	3.14
1582944000000	60.347	60.347	60.347	60.347	0.15
1582944060000	60.352	60.352	60.352	60.352	2.62
1582944120000	60.319	60.287	60.319	60.287	0.8158000000000001
1582944240000	60.29	60.29	60.29	60.29	0.1
1582944300000	60.207	60.205	60.207	60.205	4.84305216
1582944360000	60.248	60.248	60.248	60.248	2.5
1582944420000	60.246	60.246	60.246	60.246	2.5
1582944540000	60.29	60.235	60.29	60.235	0.2
1582944600000	60.345	60.345	60.345	60.345	3.31713713
1582944660000	60.296	60.276	60.296	60.276	1.15
1582944780000	60.421	60.421	60.421	60.421	2.633
1582944840000	60.422	60.527	60.538	60.422	2.35
1582944900000	60.538	60.484	60.539	60.484	7.765000000000001
1582944960000	60.387	60.385	60.387	60.385	8.72710465
1582945020000	60.486	60.403	60.486	60.403	5.92103861
1582945080000	60.418	60.347	60.418	60.347	33.31806336
1582945140000	60.238	60.238	60.238	60.238	0.1
1582945200000	60.268	60.268	60.268	60.268	30.0
1582945260000	60.322	60.322	60.322	60.236	122.90785525
1582945320000	60.274	60.336	60.336	60.206	25.73224825
1582945380000	60.321	60.344	60.344	60.311	2.8779999999999997
1582945440000	60.421	60.375	60.421	60.359	10.668
1582945500000	60.379	60.379	60.379	60.379	8.0
1582945560000	60.432	60.307	60.432	60.307	48.3330857
1582945680000	60.312	60.312	60.312	60.312	0.1
1582945800000	60.438	60.381	60.438	60.381	6.91366
1582945920000	60.409	60.409	60.409	60.409	2.576
1582945980000	60.352	60.354	60.354	60.352	8.96789607
1582946100000	60.256	60.199	60.256	60.199	5.085184259999999
1582946160000	60.199	60.199	60.199	60.199	0.151
1582946280000	60.215	60.215	60.215	60.215	8.0
1582946400000	60.226	60.226	60.226	60.226	0.17
1582946460000	60.161	60.134	60.161	60.134	3.58225108
1582946520000	60.166	60.166	60.166	60.166	0.15
1582946580000	60.122	60.045	60.122	60.045	0.752
1582946640000	60.045	60.003	60.045	60.003	3.801
1582946700000	60.003	60.0	60.003	60.0	19.30432348
1582946760000	60.006	60.017	60.017	60.003	0.45
1582946820000	60.002	60.0	60.01	60.0	129.895
1582946880000	60.0	59.988	60.0	59.988	0.13167652000000002
1582946940000	60.017	60.017	60.017	60.017	0.1
1582947000000	60.07	60.07	60.07	60.07	0.1
1582947060000	60.019	59.997	60.019	59.968	13.59597182
1582947120000	59.993	59.954	59.993	59.816	511.71930595
1582947180000	59.845	59.817	59.869	59.817	1.1
1582947240000	59.823	59.814	59.823	59.814	2.0
1582947300000	59.813	59.755	59.813	59.62	34.734
1582947360000	59.729	59.729	59.729	59.729	10.0
1582947420000	59.73	59.73	59.73	59.73	1.0
1582947480000	59.73	59.73	59.73	59.73	19.0
1582947540000	59.88	59.805	59.88	59.741	13.588853910000001
1582947660000	59.916	59.996	59.996	59.916	0.8
1582947720000	60.0	60.098	60.098	60.0	0.85
1582947780000	60.096	60.104	60.113	60.096	10.14768946
1582947900000	60.079	60.108	60.108	60.079	0.25
1582948020000	60.022	60.037	60.037	60.022	0.5
1582948140000	60.065	60.1	60.1	60.065	0.35
1582948260000	60.113	60.229	60.229	60.113	57.42504
1582948320000	60.255	60.255	60.255	60.255	0.1
1582948380000	60.267	60.295	60.306	60.267	0.55
1582948440000	60.281	60.306	60.306	60.281	0.30000000000000004
1582948500000	60.299	60.299	60.299	60.299	0.1
1582948560000	60.297	60.302	60.302	60.297	0.25
1582948740000	60.322	60.279	60.322	60.279	1.05599369
1582948800000	60.342	60.345	60.345	60.336	0.45
1582948860000	60.383	60.377	60.383	60.377	4.12551474
1582948920000	60.383	60.458	60.458	60.383	6.6000000000000005
1582948980000	60.461	60.491	60.52	60.461	78.37667649000001
1582949040000	60.398	60.398	60.398	60.398	0.1
1582949100000	60.399	60.398	60.406	60.398	4.12371955
1582949160000	60.432	60.392	60.432	60.392	15.8059555
1582949280000	60.47	60.561	60.578	60.47	50.99918
1582949340000	60.581	60.605	60.605	60.581	0.2
1582949400000	60.616	60.546	60.65	60.546	16.835301
1582949520000	60.654	60.654	60.654	60.654	0.25
1582949580000	60.693	60.86	60.87	60.693	15.37627917
1582949640000	60.822	60.811	60.822	60.811	0.35246600000000006
1582949700000	60.754	60.677	60.754	60.677	4.26569575
1582949760000	60.773	60.792	60.792	60.773	0.35
1582949820000	60.749	60.699	60.749	60.699	9.989434410000001
1582949880000	60.78	60.78	60.78	60.78	0.1
1582949940000	60.797	60.804	60.804	60.797	91.00577
1582950000000	60.87	60.87	60.87	60.807	35.35510587
1582950060000	60.885	60.754	60.885	60.754	61.4119529
1582950120000	60.832	60.807	60.832	60.807	19.24519022
1582950180000	60.793	60.81	60.862	60.793	64.24594173
1582950240000	60.827	60.831	60.831	60.827	30.0
1582950300000	60.882	60.882	60.882	60.882	0.1
1582950360000	60.885	60.903	60.903	60.885	2.856
1582950480000	60.925	60.925	60.925	60.925	0.1
1582950540000	60.915	60.895	60.925	60.895	1.2
1582950600000	60.741	60.768	60.768	60.741	0.25877011
1582950660000	60.823	60.792	60.823	60.783	60.1
1582950720000	60.807	60.762	60.807	60.762	10.1
1582950780000	60.718	60.718	60.718	60.718	4.953
1582950840000	60.683	60.683	60.683	60.683	4.952
1582950900000	60.672	60.672	60.672	60.672	0.1
1582950960000	60.719	60.642	60.719	60.642	0.35
1582951080000	60.698	60.69	60.701	60.69	27.451288249999998
1582951140000	60.626	60.606	60.626	60.606	2.0
1582951200000	60.665	60.665	60.665	60.665	0.10497883
1582951260000	60.786	60.786	60.786	60.786	0.1
1582951320000	60.837	60.837	60.837	60.837	0.1
1582951500000	60.9	60.964	60.964	60.9	10.55
1582951560000	61.002	61.027	61.028	61.002	11.109371750000001
1582951620000	61.028	61.08	61.08	61.028	0.632
1582951680000	61.08	61.225	61.253	61.08	72.67913811
1582951800000	61.146	61.248	61.248	61.146	0.6
1582951860000	61.173	61.173	61.173	61.173	0.1
1582951920000	61.092	61.053	61.092	61.039	1.80903018
1582951980000	61.095	61.065	61.132	61.065	6.550000000000001
1582952040000	61.254	61.172	61.254	61.172	0.25
1582952100000	61.241	61.251	61.251	61.241	3.68573794
1582952160000	61.187	61.187	61.187	61.187	0.958
1582952340000	61.01	61.01	61.01	61.01	0.2
1582952400000	60.955	61.03	61.03	60.955	7.88501711
1582952460000	60.949	60.857	61.016	60.857	21.414278529999997
1582952580000	60.911	60.831	60.911	60.831	5.14645242
1582952700000	60.898	60.898	60.898	60.898	8.0
1582952760000	60.865	60.865	60.865	60.865	0.1
1582952820000	60.903	60.938	60.938	60.903	34.129999999999995
1582952880000	61.033	61.033	61.033	61.033	0.1
1582952940000	61.083	61.157	61.157	61.083	0.5
1582953000000	61.157	61.151	61.179	61.149	77.67211311
1582953120000	61.172	61.172	61.172	61.172	0.1
1582953180000	61.186	61.272	61.272	61.186	16.953
1582953300000	61.233	61.308	61.323	61.233	67.80293291
1582953360000	61.301	61.285	61.5	61.285	130.0858866
1582953480000	61.316	61.316	61.316	61.316	0.94391333
1582953540000	61.314	61.314	61.314	61.314	2.74856088
1582953600000	61.26	61.26	61.26	61.26	0.94024301
1582953660000	61.316	61.316	61.316	61.316	0.1
1582953780000	61.379	61.379	61.379	61.379	0.25
1582953900000	61.168	61.168	61.168	61.168	0.931
1582953960000	61.198	61.214	61.214	61.198	16.22409654
1582954020000	61.168	61.168	61.168	61.168	10.0
1582954080000	61.203	61.214	61.215	61.203	4.2
1582954140000	61.176	61.167	61.176	61.167	0.4
1582954200000	61.176	61.167	61.176	61.167	8.61787901
1582954260000	61.204	61.203	61.213	61.203	20.5
1582954320000	61.215	61.177	61.215	61.177	15.12584086
1582954380000	61.193	61.192	61.193	61.192	20.0
1582954440000	61.195	61.195	61.195	61.195	6.59486741
1582954500000	61.2	61.226	61.226	61.2	8.5
1582954560000	61.226	61.077	61.257	61.077	82.07107517
1582954620000	61.127	61.127	61.127	61.127	8.1210467
1582954680000	61.112	61.112	61.112	61.112	7.3286533
1582954800000	61.19	61.139	61.19	61.139	3.1281
1582954860000	61.137	61.137	61.137	61.137	0.15
1582954920000	61.127	61.158	61.158	61.127	4.3714200000000005
1582954980000	61.139	61.139	61.139	61.139	27.94602316
1582955100000	61.25	61.35	61.35	61.25	61.73142649
1582955160000	61.333	61.333	61.333	61.333	0.20258524
1582955220000	61.339	61.4	61.4	61.339	12.977897310000001
1582955280000	61.405	61.405	61.405	61.405	3.25788419
1582955400000	61.394	61.334	61.394	61.334	3.0204576899999998
1582955520000	61.393	61.396	61.396	61.393	14.484359829999999
1582955640000	61.404	61.404	61.404	61.404	89.99926433
1582955700000	61.391	61.405	61.405	61.391	0.2
1582955820000	61.404	61.404	61.404	61.404	1.0
1582955880000	61.405	61.405	61.405	61.405	4.9
1582956000000	61.405	61.589	61.589	61.405	462.0513985
1582956060000	61.57	61.57	61.57	61.57	17.25387561
1582956180000	61.577	61.6	61.6	61.577	0.4
1582956240000	61.6	61.721	61.755	61.6	108.84165701
1582956300000	61.755	61.748	61.755	61.745	0.372443
1582956420000	61.755	61.733	61.755	61.733	15.0
1582956480000	61.705	61.705	61.705	61.705	0.1
1582956540000	61.503	61.396	61.503	61.339	253.89386362
1582956600000	61.432	61.462	61.462	61.432	0.2
1582956660000	61.421	61.355	61.421	61.323	5.106
1582956720000	61.33	61.218	61.33	61.206	6.46457839
1582956780000	61.252	61.198	61.252	61.13	50.3
1582956840000	61.199	61.201	61.201	61.199	23.21992367
1582956900000	61.205	61.029	61.205	61.029	77.26546824
1582956960000	61.034	61.109	61.109	61.034	3.78371613
1582957020000	61.136	61.136	61.136	61.136	0.1
1582957200000	61.08	61.05	61.08	61.05	6.0
1582957260000	61.013	61.013	61.013	61.013	0.11046406
1582957320000	61.012	60.896	61.012	60.896	52.852
1582957380000	60.861	60.79	60.861	60.79	2.706
1582957440000	60.9	60.9	60.9	60.9	3.28712054
1582957500000	60.901	60.741	60.901	60.741	86.6632961
1582957560000	60.789	60.933	60.933	60.746	0.7
1582957800000	60.844	60.844	60.844	60.844	0.83486107
1582957860000	60.784	60.744	60.784	60.741	11.76767705
1582957920000	60.767	60.767	60.767	60.767	0.1
1582958040000	60.989	60.989	60.989	60.989	0.1
1582958160000	60.924	60.924	60.924	60.924	0.25
1582958400000	61.003	61.019	61.019	61.002	10.294
1582958460000	61.011	60.986	61.011	60.986	76.26926418
1582958580000	60.936	60.936	60.936	60.936	0.217558
1582958820000	61.041	61.041	61.041	61.041	0.25
1582959000000	60.91	60.841	60.91	60.841	0.45
1582959120000	60.765	60.742	60.765	60.742	30.0
1582959180000	60.749	60.717	60.78	60.717	49.8067717
1582959240000	60.703	60.604	60.703	60.604	68.70937191
1582959300000	60.587	60.603	60.603	60.587	0.2
1582959360000	60.625	60.626	60.626	60.625	5.8750341200000005
1582959420000	60.686	60.686	60.686	60.684	3.8
1582959480000	60.698	60.69	60.698	60.69	1.4
1582959600000	60.69	60.707	60.707	60.69	1.7699537899999997
1582959660000	60.715	60.842	60.842	60.714	29.3
1582959720000	60.815	60.808	60.815	60.804	17.094421529999998
1582959780000	60.74	60.74	60.74	60.74	0.79126588
1582959840000	60.691	60.691	60.691	60.691	0.25
1582959900000	60.693	60.693	60.693	60.693	0.25
1582959960000	60.696	60.696	60.696	60.696	5.0
1582960020000	60.696	60.657	60.696	60.657	15.0
1582960080000	60.692	60.74	60.74	60.692	35.02000023
1582960140000	60.73	60.855	60.855	60.73	12.20531412
1582960200000	60.829	60.829	60.829	60.829	2.5317
1582960260000	60.898	60.844	60.899	60.841	56.133225440000004
1582960320000	60.848	60.864	60.865	60.842	117.09857061
1582960380000	60.824	60.824	60.824	60.824	3.44043406
1582960500000	60.807	60.807	60.807	60.807	3.4568
1582960560000	60.872	60.872	60.872	60.872	0.15
1582960620000	60.897	60.817	60.909	60.817	90.96118923
1582960680000	60.786	60.786	60.786	60.786	0.2
1582960800000	60.791	60.761	60.791	60.761	1.25
1582961100000	60.752	60.751	60.752	60.751	20.0
1582961280000	60.788	60.773	60.788	60.773	0.7
1582961340000	60.762	60.71	60.762	60.71	40.0
1582961400000	60.686	60.695	60.695	60.686	0.5
1582961580000	60.669	60.669	60.669	60.669	0.5
1582961640000	60.645	60.645	60.645	60.645	0.1
1582961700000	60.598	60.598	60.598	60.598	3.4568
1582961760000	60.598	60.598	60.598	60.598	4.00941326
1582961820000	60.613	60.608	60.613	60.608	0.2
1582961880000	60.618	60.618	60.618	60.618	3.55276594
1582961940000	60.618	60.618	60.618	60.618	4.4445537
1582962000000	60.61	60.612	60.612	60.61	86.00851576
1582962060000	60.731	60.784	60.784	60.73	5.10295538
1582962180000	60.904	60.882	60.904	60.815	4.5889999999999995
1582962240000	60.818	60.915	60.915	60.818	0.10268036000000001
1582962360000	60.925	60.924	60.934	60.924	4.56236464
1582962420000	60.854	60.795	60.854	60.795	13.0
1582962660000	60.877	60.877	60.877	60.877	0.1
1582962900000	60.866	60.884	60.889	60.866	1.25
1582963080000	60.926	60.899	60.926	60.899	0.2
1582963260000	60.964	60.964	60.964	60.964	0.25
1582963320000	61.003	61.003	61.003	61.003	0.25
1582963440000	61.011	61.054	61.054	61.011	50.0
1582963500000	61.05	61.05	61.05	61.05	23.0
1582963560000	60.98	60.98	60.98	60.98	27.0
1582963680000	60.89	60.92	60.941	60.89	34.2
1582963920000	60.891	60.891	60.891	60.891	10.0
1582964040000	60.97	61.059	61.079	60.97	11.269
1582964160000	61.079	61.079	61.079	61.079	0.5
1582964280000	61.03	60.906	61.03	60.89	49.12895944
1582964340000	60.906	60.974	60.974	60.89	227.10000105
1582964400000	60.92	60.86	60.92	60.86	192.15678749
1582964460000	60.86	60.86	60.86	60.86	1.5
1582964520000	60.86	60.85	60.86	60.85	42.14321251
1582964580000	60.78	60.673	60.78	60.673	112.602
1582964640000	60.664	60.65	60.664	60.65	50.251
1582964700000	60.625	60.617	60.625	60.61	0.4
1582964760000	60.61	60.59	60.61	60.482	1033.1183
1582964820000	60.612	60.718	60.718	60.612	102.12605345
1582964940000	60.601	60.505	60.601	60.428	1531.59257131
1582965000000	60.51	60.528	60.612	60.51	206.47838603
1582965060000	60.441	60.435	60.441	60.435	6.79791896
1582965240000	60.448	60.46	60.46	60.438	12.2
1582965300000	60.461	60.461	60.461	60.46	149.89395946
1582965360000	60.461	60.461	60.461	60.461	0.30558954
1582965480000	60.54	60.543	60.543	60.54	10.17123778
1582965600000	60.566	60.566	60.566	60.566	2.0
1582965720000	60.602	60.626	60.626	60.602	4.2
1582965780000	60.508	60.508	60.508	60.508	0.1
1582965840000	60.435	60.369	60.435	60.369	186.81199061
1582965900000	60.364	60.37	60.37	60.364	33.26350015
1582966080000	60.438	60.438	60.438	60.438	1.0
1582966140000	60.45	60.45	60.45	60.45	9.11762921
1582966200000	60.45	60.45	60.45	60.45	84.87149526
1582966260000	60.45	60.45	60.45	60.45	30.89141746
1582966320000	60.45	60.45	60.45	60.45	0.2
1582966380000	60.45	60.45	60.45	60.45	47.46613999
1582966440000	60.45	60.45	60.45	60.45	77.45331808
1582966500000	60.548	60.548	60.548	60.548	16.78448071
1582966620000	60.524	60.524	60.524	60.524	0.5
1582966740000	60.57	60.576	60.576	60.57	0.5
1582966860000	60.578	60.387	60.585	60.309	2193.86238539
1582966920000	60.356	60.332	60.386	60.33	26.88977725
1582966980000	60.411	60.411	60.411	60.411	12.0
1582967040000	60.411	60.371	60.411	60.371	25.0
1582967100000	60.307	60.269	60.307	60.269	96.79612582
1582967160000	60.249	60.249	60.249	60.249	39.0
1582967220000	60.238	60.209	60.238	60.209	71.751
1582967280000	60.199	60.083	60.199	60.083	55.36031483
1582967340000	60.058	60.001	60.058	60.0	111.96944254
1582967400000	60.0	59.954	60.0	59.929	28.00191475
1582967460000	60.024	59.851	60.024	59.851	2.2100115
1582967520000	59.918	59.897	59.918	59.897	13.418
1582967580000	59.921	60.019	60.019	59.921	38.96364312
1582967640000	60.017	60.018	60.018	60.017	7.38408116
1582967760000	60.155	60.155	60.155	60.155	0.1
1582967820000	60.058	59.978	60.058	59.978	10.73582961
1582967880000	59.908	59.791	59.908	59.78	9.20873775
1582967940000	59.837	59.852	59.852	59.837	5.3441420399999995
1582968000000	59.775	59.57	59.775	59.539	101.6974849
1582968060000	59.621	59.711	59.711	59.621	26.96105254
1582968120000	59.784	59.676	59.79	59.676	94.34981877999999
1582968360000	59.768	59.768	59.768	59.768	3.223
1582968420000	59.69	59.745	59.745	59.678	2.55
1582968540000	59.776	59.776	59.776	59.776	2.0
1582968600000	59.787	59.776	59.787	59.776	10.5245468
1582968660000	59.776	59.861	59.861	59.776	71.59264447999999
1582968720000	59.854	59.919	59.919	59.854	12.668103
1582968840000	59.871	59.881	59.881	59.87	36.77037904
1582968960000	59.881	59.881	59.881	59.881	0.5
1582969020000	59.871	59.871	59.871	59.87	96.333
1582969080000	59.87	59.745	59.87	59.745	1.00025774
1582969200000	59.732	59.732	59.732	59.732	0.25
1582969260000	59.731	59.668	59.731	59.668	5.38
1582969380000	59.64	59.696	59.696	59.64	4.08561436
1582969560000	59.62	59.619	59.62	59.619	0.91995285
1582969620000	59.626	59.6	59.626	59.6	0.97206539
1582969800000	59.674	59.674	59.674	59.674	2.3
1582969860000	59.629	59.666	59.666	59.573	18.400000000000002
1582969920000	59.666	59.666	59.666	59.666	0.4
1582969980000	59.63	59.677	59.677	59.63	53.95
1582970100000	59.584	59.52	59.584	59.52	2.851
1582970220000	59.569	59.569	59.569	59.569	0.2
1582970280000	59.563	59.366	59.563	59.366	158.79409999
1582970340000	59.435	59.534	59.534	59.435	4.25
1582970400000	59.536	59.396	59.562	59.396	5.8153999999999995
1582970460000	59.368	59.391	59.412	59.368	7.09962434
1582970520000	59.466	59.467	59.467	59.466	7.30192456
1582970760000	59.552	59.687	59.687	59.552	180.20776953
1582970820000	59.704	59.703	59.704	59.667	2.65
1582970880000	59.698	59.797	59.801	59.698	242.00636531
1582970940000	59.783	59.781	59.783	59.781	5.82697064
1582971120000	59.755	59.755	59.755	59.755	0.1
1582971180000	59.789	59.803	59.803	59.789	8.16942483
1582971240000	59.819	59.819	59.819	59.819	1.0
1582971360000	59.842	59.893	59.893	59.842	0.75
1582971420000	59.893	59.927	59.927	59.893	48.77802726
1582971480000	59.927	59.835	59.927	59.835	19.17581189
1582971600000	59.918	59.941	59.941	59.918	35.36960732
1582971660000	59.941	59.941	59.941	59.941	7.41939816
1582971720000	59.958	59.958	59.958	59.958	0.1
1582971780000	59.947	59.827	59.947	59.827	22.69561276
1582971840000	59.89	59.877	59.89	59.877	15.667
1582971960000	59.862	59.889	59.889	59.862	5.20021
1582972020000	59.861	59.861	59.861	59.861	15.0
1582972140000	59.838	59.817	59.838	59.817	20.0
1582972200000	59.886	59.886	59.886	59.886	0.25
1582972260000	59.851	59.843	59.851	59.843	5.0
1582972320000	59.702	59.712	59.712	59.702	0.36218526
1582972380000	59.712	59.711	59.712	59.711	6.261678740000001
1582972440000	59.659	59.692	59.693	59.659	17.76280231
1582972560000	59.662	59.653	59.662	59.653	13.07310717
1582972620000	59.66	59.66	59.66	59.66	0.20152347
1582972680000	59.68	59.68	59.68	59.68	4.07148392
1582972800000	59.704	59.681	59.704	59.62	14.50127629
1582972980000	59.748	59.74	59.748	59.736	12.0
1582973100000	59.777	59.777	59.777	59.777	33.63602785
1582973220000	59.62	59.542	59.62	59.542	3.37419138
1582973280000	59.503	59.272	59.503	59.272	16.557404130000002
1582973340000	59.271	58.98	59.272	58.839	1178.92013465
1582973400000	59.046	59.072	59.072	59.046	3.0
1582973460000	59.005	59.025	59.025	59.005	1.3822999999999999
1582973520000	59.028	59.028	59.028	59.028	6.89976167
1582973580000	58.979	59.128	59.128	58.941	31.00488838
1582973640000	59.042	59.005	59.042	59.005	4.2
1582973700000	59.014	58.959	59.014	58.959	2.1
1582973760000	58.79	58.812	58.823	58.759	34.386027850000005
1582973820000	58.8	58.8	58.8	58.8	23.021804709999998
1582973880000	58.922	58.746	58.922	58.746	60.24308301
1582973940000	58.746	58.798	58.798	58.662	11.82484558
1582974000000	58.854	59.004	59.009	58.854	12.12113676
1582974060000	58.964	58.985	58.998	58.964	32.23954324
1582974120000	58.988	58.988	58.988	58.988	1.0
1582974240000	58.988	59.031	59.031	58.988	5.11791131
1582974300000	59.031	59.031	59.031	59.031	3.0
1582974360000	59.03	58.989	59.03	58.988	40.892
1582974420000	58.988	58.748	58.988	58.748	6.92328275
1582974480000	58.902	58.891	58.902	58.891	30.91
1582974540000	58.927	58.992	59.016	58.927	9.336312
1582974600000	58.933	58.947	58.947	58.933	10.0
1582974660000	58.948	58.877	58.948	58.877	1.1
1582974780000	58.99	58.976	58.99	58.976	1.0
1582974840000	59.023	59.033	59.033	59.023	1.0
1582974900000	59.058	59.185	59.185	59.058	12.55726077
1582974960000	59.299	59.177	59.338	59.177	12.2958
1582975020000	59.179	59.137	59.179	59.137	0.582
1582975080000	59.245	59.324	59.34	59.21	25.50186852
1582975140000	59.351	59.44	59.455	59.351	9.67784703
1582975200000	59.391	59.498	59.498	59.391	108.0
1582975260000	59.39	59.311	59.39	59.311	25.1525291
1582975320000	59.259	59.259	59.259	59.259	0.10348524
1582975380000	59.482	59.482	59.482	59.482	0.5
1582975440000	59.464	59.418	59.464	59.418	0.8
1582975500000	59.45	59.446	59.45	59.441	3.86742447
1582975620000	59.337	59.337	59.337	59.337	0.48959101
1582975680000	59.25	59.269	59.295	59.25	108.09
1582975740000	59.247	59.161	59.247	59.161	1.4889999999999999
1582975800000	59.229	59.229	59.229	59.229	0.1
1582975860000	59.202	59.202	59.202	59.202	0.1
1582975920000	59.264	59.272	59.272	59.264	1.0
1582976040000	59.337	59.337	59.337	59.337	0.48803963
1582976160000	59.42	59.464	59.464	59.42	33.78462087
1582976220000	59.484	59.484	59.484	59.484	8.16542246
1582976280000	59.493	59.626	59.626	59.493	20.0
1582976340000	59.593	59.66	59.66	59.593	6.5
1582976400000	59.561	59.571	59.571	59.561	1.0
1582976460000	59.56	59.5	59.56	59.5	5.5309595400000005
1582976520000	59.526	59.526	59.526	59.526	0.15
1582976700000	59.59	59.512	59.59	59.512	5.0
1582976760000	59.506	59.493	59.506	59.491	3.5
1582976820000	59.456	59.582	59.582	59.456	1.24957831
1582977060000	59.557	59.582	59.582	59.557	17.78
1582977120000	59.672	59.687	59.687	59.672	0.35
1582977180000	59.704	59.88	59.88	59.704	5.55
1582977240000	59.898	60.052	60.052	59.898	488.23612081
1582977300000	60.04	60.034	60.041	60.011	0.7000000000000001
1582977360000	60.04	60.003	60.04	59.865	494.12091227
1582977420000	60.0	60.003	60.061	60.0	4.1
1582977480000	60.047	59.945	60.047	59.945	143.66551555
1582977540000	59.932	59.932	59.932	59.932	0.1
1582977600000	59.933	59.892	59.933	59.892	1.85100417
1582977660000	59.803	59.847	59.847	59.803	4.2849968700000005
1582977720000	59.89	59.967	59.967	59.89	32.11
1582977780000	59.917	59.782	59.917	59.782	7.24667429
1582977840000	59.824	59.77	59.824	59.77	4.1635189299999995
1582977960000	59.755	59.789	59.789	59.755	9.68
1582978020000	59.749	59.749	59.749	59.749	0.13438948
1582978080000	59.746	59.746	59.746	59.746	22.4
1582978200000	59.736	59.846	59.846	59.736	16.52864767
1582978320000	59.741	59.741	59.741	59.741	0.5
1582978380000	59.78	59.78	59.78	59.78	1.0
1582978440000	59.83	59.834	59.834	59.83	0.2
1582978620000	59.811	59.683	59.811	59.683	4.0
1582978800000	59.677	59.658	59.677	59.658	1.251
1582978860000	59.619	59.58	59.619	59.58	0.602
1582978920000	59.542	59.542	59.542	59.542	0.251
1582979040000	59.503	59.464	59.503	59.464	1.001
1582979100000	59.426	59.428	59.428	59.426	7.12650356
1582979160000	59.426	59.35	59.426	59.35	16.08845664
1582979220000	59.48	59.5	59.5	59.48	6.67661307
1582979400000	59.348	59.348	59.348	59.348	0.251
1582979460000	59.406	59.465	59.465	59.406	15.278499570000001
1582979520000	59.472	59.472	59.472	59.472	0.6
1582979580000	59.387	59.386	59.387	59.386	20.0
1582979640000	59.454	59.454	59.454	59.454	4.08635517
1582979700000	59.482	59.535	59.535	59.482	20.0
1582979760000	59.537	59.537	59.537	59.537	0.1
1582979820000	59.498	59.498	59.498	59.498	5.0
1582979880000	59.462	59.42	59.462	59.42	7.766038470000001
1582979940000	59.449	59.449	59.449	59.449	0.25
1582980060000	59.405	59.405	59.405	59.405	0.10021
1582980180000	59.358	59.412	59.412	59.358	2.28
1582980240000	59.313	59.382	59.382	59.292	59.0
1582980300000	59.365	59.365	59.365	59.365	125.93762842000001
1582980360000	59.392	59.408	59.408	59.392	3.56357813
1582980420000	59.57	59.57	59.57	59.57	0.1
1582980540000	59.394	59.394	59.394	59.394	0.1
1582980600000	59.388	59.388	59.388	59.388	3.37027956
1582980660000	59.544	59.544	59.544	59.544	0.800471
1582980720000	59.564	59.576	59.576	59.564	3.316844
1582980780000	59.585	59.535	59.585	59.535	3.7520952899999997
1582980840000	59.59	59.648	59.648	59.58	8.33186261
1582980900000	59.563	59.563	59.563	59.563	0.64728999
1582980960000	59.496	59.492	59.496	59.492	1.7630669399999999
1582981080000	59.428	59.443	59.443	59.428	0.6536543
1582981140000	59.468	59.468	59.468	59.468	0.1
1582981200000	59.427	59.349	59.427	59.349	5.93986768
1582981320000	59.348	59.31	59.348	59.31	4.5939425300000005
1582981380000	59.31	59.193	59.31	59.193	1.40832143
1582981440000	59.18	59.207	59.243	59.18	9.59712317
1582981500000	59.203	59.203	59.203	59.203	0.1
1582981560000	59.183	59.161	59.197	59.161	39.6478
1582981620000	59.181	59.181	59.181	59.181	4.10342177
1582981680000	59.155	59.154	59.155	59.154	4.35670012
1582981740000	59.154	59.117	59.154	59.117	23.3522
1582981800000	59.206	59.206	59.206	59.206	0.5
1582981860000	59.205	59.244	59.244	59.119	1.83930333
1582981920000	59.137	59.137	59.137	59.137	0.14579393
1582981980000	59.192	59.178	59.244	59.147	22.88
1582982040000	59.167	59.215	59.215	59.167	2.1
1582982100000	59.268	59.268	59.268	59.268	0.25
1582982160000	59.231	59.231	59.231	59.231	0.2
1582982220000	59.323	59.323	59.323	59.323	8.0
1582982280000	59.376	59.376	59.376	59.376	3.261
1582982460000	59.348	59.348	59.348	59.348	0.1
1582982520000	59.293	59.26	59.302	59.26	73.01858480000001
1582982640000	59.227	59.124	59.227	59.124	2.6500000000000004
1582982820000	59.126	59.166	59.166	59.126	0.35
1582982880000	59.116	59.024	59.166	59.024	226.12784798
1582983000000	59.072	59.072	59.072	59.072	0.25
1582983060000	59.084	59.188	59.188	59.084	44.56188387
1582983180000	59.253	59.253	59.253	59.253	0.1
1582983300000	59.184	59.19	59.209	59.184	15.4418778
1582983360000	59.189	59.043	59.189	59.043	26.05249417
1582983480000	59.124	59.124	59.124	59.124	0.1
1582983540000	59.068	59.068	59.068	59.068	0.5
1582983600000	59.08	59.079	59.08	59.032	100.5
1582983780000	59.189	59.212	59.212	59.189	4.3229253199999995
1582983900000	59.061	59.063	59.063	59.058	0.4
1582983960000	59.073	59.073	59.073	59.073	4.11001356
1582984020000	59.171	59.344	59.344	59.171	79.97773294
1582984080000	59.362	59.395	59.395	59.362	23.35886004
1582984140000	59.394	59.358	59.394	59.358	0.2
1582984320000	59.38	59.396	59.396	59.38	30.0
1582984380000	59.416	59.546	59.546	59.416	88.21940856
1582984440000	59.51	59.546	59.551	59.51	7.75
1582984500000	59.456	59.457	59.457	59.456	10.0
1582984560000	59.433	59.433	59.433	59.433	0.1
1582984620000	59.417	59.417	59.417	59.417	0.5
1582984680000	59.347	59.349	59.394	59.347	0.95521269
1582984740000	59.31	59.295	59.31	59.277	50.1
1582984800000	59.232	59.232	59.232	59.232	0.25
1582984920000	59.232	59.228	59.232	59.145	9.08831002
1582984980000	59.176	59.159	59.176	59.147	0.6
1582985040000	59.23	59.22	59.23	59.22	40.1
1582985160000	59.163	59.082	59.163	59.082	10.926416399999999
1582985220000	59.078	59.077	59.078	59.077	1.2610000000000001
1582985280000	59.04	58.864	59.04	58.863	195.35595381
1582985340000	58.856	58.8	58.885	58.8	8.792562
1582985400000	58.842	58.816	58.912	58.649	3331.72009845
1582985460000	58.854	58.86	58.86	58.854	37.6
1582985580000	58.86	58.89	58.89	58.86	4.0
1582985640000	58.89	58.86	58.928	58.859	15.9
1582985700000	58.859	58.86	58.86	58.812	0.94893024
1582985760000	58.864	58.907	58.907	58.864	0.2
1582985820000	58.921	58.883	58.921	58.883	7.8
1582985880000	58.786	58.769	58.786	58.757	2.8
1582985940000	58.729	58.581	58.729	58.581	25.06119865
1582986000000	58.571	58.494	58.571	58.493	42.12255555
1582986060000	58.503	58.43	58.508	58.43	89.66212014
1582986120000	58.382	58.534	58.534	58.338	151.81
1582986180000	58.55	58.596	58.596	58.55	4.0
1582986240000	58.771	58.71	58.808	58.676	54.0
1582986300000	58.629	58.665	58.665	58.629	0.92149438
1582986420000	58.672	58.559	58.672	58.559	39.03519496
1582986480000	58.563	58.494	58.563	58.494	22.1
1582986540000	58.524	58.499	58.564	58.499	59.39257131
1582986600000	58.543	58.525	58.543	58.525	6.1737
1582986660000	58.542	58.584	58.584	58.542	16.400000000000002
1582986720000	58.629	58.741	58.741	58.629	63.123999999999995
1582986780000	58.696	58.711	58.788	58.696	11.27
1582986840000	58.735	58.702	58.735	58.702	4.0
1582986900000	58.688	58.688	58.688	58.688	5.1958095
1582986960000	58.695	58.695	58.695	58.695	0.1
1582987020000	58.658	58.618	58.658	58.618	0.30000000000000004
1582987080000	58.548	58.548	58.548	58.548	0.1
1582987140000	58.59	58.382	58.59	58.382	1.54
1582987200000	58.406	58.415	58.434	58.406	19.45
1582987260000	58.476	58.578	58.578	58.476	4.253369299999999
1582987320000	58.542	58.542	58.542	58.542	0.1
1582987380000	58.583	58.626	58.626	58.574	29.559164720000002
1582987440000	58.592	58.592	58.592	58.592	0.25
1582987500000	58.57	58.57	58.57	58.57	0.1
1582987560000	58.615	58.615	58.615	58.615	0.25
1582987620000	58.512	58.411	58.512	58.384	18.55421131
1582987680000	58.423	58.441	58.441	58.423	4.255
1582987740000	58.41	58.409	58.41	58.409	0.1
1582987920000	58.6	58.715	58.715	58.6	7.34964
1582988040000	58.716	58.831	58.831	58.663	152.8
1582988160000	58.842	58.818	58.889	58.818	26.0
1582988220000	58.829	58.768	58.829	58.768	13.6
1582988340000	58.818	58.818	58.818	58.818	0.25
1582988460000	58.797	58.74	58.797	58.74	1.2004008
1582988520000	58.72	58.72	58.72	58.72	8.52
1582988580000	58.72	58.72	58.72	58.72	6.81722869
1582988640000	58.699	58.583	58.699	58.583	3.4
1582988760000	58.591	58.523	58.591	58.523	52.6
1582988820000	58.443	58.437	58.447	58.437	5.8846962199999995
1582988940000	58.399	58.449	58.45	58.399	40.74812847
1582989000000	58.431	58.37	58.431	58.37	1.0
1582989060000	58.352	58.362	58.362	58.352	14.15983875
1582989120000	58.4	58.455	58.455	58.4	2.71168395
1582989180000	58.446	58.529	58.529	58.446	8.88731172
1582989240000	58.555	58.632	58.632	58.555	3.6990000000000003
1582989300000	58.525	58.525	58.525	58.525	25.0
1582989420000	58.543	58.543	58.543	58.543	4.0
1582989480000	58.464	58.464	58.464	58.464	4.0
1582989540000	58.489	58.496	58.496	58.489	32.0711
1582989600000	58.485	58.597	58.597	58.485	3.416
1582989660000	58.626	58.628	58.628	58.62	45.90078103
1582989720000	58.679	58.85	58.868	58.679	55.18657169
1582989780000	58.888	58.836	58.941	58.819	61.94747111
1582989840000	58.957	58.983	58.983	58.957	33.457680520000004
1582989900000	58.973	58.956	58.973	58.956	4.527643
1582989960000	58.973	58.994	58.994	58.973	6.58352381
1582990020000	58.997	59.181	59.181	58.997	216.40736889
1582990080000	59.209	59.073	59.209	59.073	62.81428019
1582990140000	59.113	58.969	59.113	58.969	13.12174728
1582990200000	59.086	59.085	59.086	59.085	3.1
1582990260000	58.943	58.932	58.943	58.932	8.76961072
1582990320000	58.916	58.913	58.916	58.913	20.1
1582990380000	58.948	58.95	58.95	58.948	23.13970041
1582990440000	59.05	59.05	59.05	59.05	0.1
1582990500000	58.938	58.969	58.971	58.928	2.75
1582990680000	59.05	58.993	59.05	58.993	1.01667907
1582990740000	58.96	58.959	58.96	58.959	10.03170801
1582990800000	58.959	58.88	58.959	58.807	19.28028617
1582990860000	58.884	58.786	58.884	58.778	4.6
1582990920000	58.826	58.826	58.826	58.826	26.13910483
1582990980000	58.883	59.079	59.079	58.883	24.3134559
1582991040000	59.011	58.979	59.011	58.971	12.0
1582991100000	59.03	59.223	59.223	59.03	56.25
1582991160000	59.145	59.215	59.215	59.145	6.0
1582991220000	59.168	59.168	59.168	59.168	0.5
1582991280000	59.224	59.351	59.351	59.224	117.35838722
1582991340000	59.249	59.35	59.35	59.249	9.309375000000001
1582991400000	59.265	59.221	59.265	59.221	15.0
1582991460000	59.157	59.083	59.157	59.083	7.275808179999999
1582991520000	59.063	59.041	59.063	59.041	0.25
1582991580000	59.09	59.055	59.09	59.055	0.48375911000000005
1582991640000	59.054	59.05	59.054	59.05	1.37638495
1582991700000	59.111	59.111	59.111	59.111	0.1
1582991760000	59.04	59.078	59.078	58.916	77.82705
1582991820000	59.043	59.043	59.043	59.043	0.25
1582991880000	59.09	58.861	59.09	58.861	16.27709305
1582991940000	58.815	58.891	58.931	58.815	30.95
1582992000000	58.912	58.912	58.912	58.912	0.36
1582992060000	58.881	58.881	58.881	58.881	0.361
1582992120000	58.8	58.8	58.8	58.8	0.36
1582992180000	58.728	58.635	58.767	58.635	33.48646409
1582992240000	58.64	58.809	58.809	58.576	32.49878391
1582992300000	58.767	58.754	58.798	58.739	60.64865478
1582992480000	58.822	58.756	58.822	58.756	0.40040881
1582992540000	58.819	58.762	58.819	58.762	1.325
1582992660000	58.722	58.727	58.731	58.716	20.04935503
1582992720000	58.829	58.83	58.83	58.829	14.04380304
1582992780000	58.86	58.86	58.86	58.86	0.1
1582992900000	58.85	58.85	58.85	58.85	3.191
1582993020000	58.951	59.026	59.026	58.951	6.25
1582993080000	59.021	59.03	59.03	59.021	18.77
1582993260000	59.065	59.069	59.069	59.065	10.1
1582993320000	59.032	59.032	59.032	59.032	0.1
1582993380000	59.006	59.006	59.006	59.006	4.72
1582993440000	58.969	58.969	58.969	58.969	0.1
1582993500000	58.899	58.899	58.899	58.899	5.0
1582993560000	58.862	58.861	58.862	58.861	8.740154069999999
1582993620000	58.8	58.907	58.907	58.8	14.56548766
1582993980000	58.809	58.808	58.815	58.765	10.82384909
1582994040000	58.658	58.658	58.658	58.658	0.15
1582994100000	58.646	58.646	58.646	58.646	5.0
1582994220000	58.618	58.658	58.658	58.544	26.525783439999998
1582994280000	58.593	58.593	58.593	58.593	3.4
1582994340000	58.5	58.512	58.512	58.407	43.01077469
1582994400000	58.62	58.62	58.62	58.62	0.1
1582994460000	58.485	58.485	58.485	58.485	5.05124573
1582994520000	58.499	58.56	58.609	58.499	39.16141181
1582994640000	58.573	58.611	58.611	58.573	3.1
1582994700000	58.627	58.516	58.627	58.516	1.1
1582994880000	58.547	58.547	58.547	58.547	0.1
1582994940000	58.586	58.586	58.586	58.586	2.80121461
1582995060000	58.642	58.644	58.644	58.642	10.0
1582995120000	58.636	58.636	58.636	58.636	5.89684397
1582995180000	58.636	58.552	58.636	58.552	6.20315603
1582995240000	58.553	58.553	58.553	58.553	7.018
1582995300000	58.553	58.529	58.553	58.529	0.15000000000000002
1582995360000	58.464	58.456	58.464	58.456	0.35
1582995420000	58.402	58.495	58.495	58.402	13.489839490000001
1582995480000	58.567	58.567	58.567	58.567	1.0
1582995600000	58.4	58.31	58.4	58.31	19.081999999999997
1582995660000	58.346	58.412	58.421	58.344	31.30386393
1582995720000	58.411	58.314	58.411	58.314	7.00177893
1582995780000	58.33	58.312	58.33	58.312	0.55
1582995840000	58.352	58.438	58.438	58.352	12.216000000000001
1582995900000	58.467	58.532	58.532	58.467	8.3
1582995960000	58.502	58.519	58.519	58.502	63.68661684
1582996020000	58.519	58.519	58.519	58.519	0.000968
1582996080000	58.6	58.6	58.6	58.6	0.1
1582996140000	58.623	58.583	58.623	58.582	6.0
1582996200000	58.594	58.588	58.594	58.57	81.298
1582996260000	58.658	58.759	58.759	58.658	1.1
1582996380000	58.695	58.728	58.728	58.695	1.7302
1582996560000	58.669	58.684	58.684	58.669	7.95825876
1582996620000	58.626	58.626	58.626	58.626	0.1
1582996680000	58.658	58.747	58.747	58.658	0.2
1582996740000	58.845	58.845	58.845	58.845	1.0
1582996800000	58.89	58.902	58.95	58.89	7.0
1582996860000	58.914	58.967	58.967	58.914	31.07533055
1582996920000	58.994	58.957	58.994	58.957	1.0
1582996980000	59.067	59.067	59.071	59.067	20.29553754
1582997040000	59.128	59.047	59.149	59.046	122.79
1582997100000	59.025	59.025	59.025	59.025	4.0804324
1582997160000	59.003	59.003	59.003	59.003	0.1
1582997220000	59.019	59.019	59.019	59.019	3.4
1582997280000	59.143	59.143	59.143	59.143	0.25
1582997340000	59.149	59.136	59.234	59.136	78.47573706
1582997400000	59.1	59.108	59.108	59.1	14.799999999999999
1582997460000	59.114	59.114	59.114	59.114	0.2
1582997520000	59.153	59.146	59.164	59.117	4.25
1582997580000	59.104	59.167	59.167	59.104	4.52376
1582997700000	59.267	59.243	59.286	59.243	20.5
1582997760000	59.146	59.146	59.146	59.146	0.1
1582997820000	59.181	59.184	59.184	59.181	10.25335662
1582997880000	59.243	59.243	59.243	59.243	0.75
1582997940000	59.187	59.256	59.256	59.187	1.6
1582998000000	59.208	59.208	59.208	59.208	0.29673382
1582998120000	59.136	59.086	59.136	59.079	10.692
1582998180000	59.159	59.159	59.159	59.159	5.0
1582998240000	59.247	59.247	59.247	59.247	0.1
1582998300000	59.261	59.239	59.261	59.239	0.44999999999999996
1582998360000	59.195	59.196	59.196	59.195	0.8999999999999999
1582998420000	59.176	59.176	59.176	59.176	0.1
1582998600000	59.2	59.2	59.2	59.2	5.0
1582998660000	59.255	59.255	59.255	59.255	0.6
1582998720000	59.288	59.391	59.391	59.288	24.26010522
1582998780000	59.332	59.328	59.332	59.328	14.39048766
1582998840000	59.329	59.217	59.329	59.217	13.15
1582998900000	59.273	59.273	59.273	59.273	0.45951234
1582999020000	59.38	59.454	59.529	59.223	425.37687361
1582999080000	59.532	59.539	59.539	59.532	0.35
1582999140000	59.548	59.58	59.58	59.548	13.64517595
1582999260000	59.494	59.495	59.495	59.494	17.399420980000002
1582999320000	59.57	59.57	59.57	59.57	0.1
1582999380000	59.591	59.591	59.591	59.591	6.93549099
1582999440000	59.589	59.57	59.589	59.57	21.504405
1582999500000	59.495	59.373	59.495	59.373	11.33750728
1582999560000	59.374	59.374	59.374	59.374	0.3
1582999620000	59.371	59.37	59.371	59.37	7.9798
1582999680000	59.356	59.331	59.356	59.331	13.2507921
1582999740000	59.283	59.283	59.283	59.283	0.1
1582999800000	59.316	59.316	59.316	59.316	1.0
1582999980000	59.298	59.298	59.298	59.298	0.25
1583000040000	59.299	59.3	59.3	59.299	12.00883114
1583000100000	59.474	59.474	59.474	59.474	0.1
1583000160000	59.489	59.448	59.489	59.448	7.1
1583000220000	59.448	59.447	59.448	59.433	17.1299756
1583000280000	59.447	59.506	59.506	59.447	13.81293882
1583000340000	59.506	59.577	59.577	59.506	11.0
1583000400000	59.43	59.43	59.43	59.43	0.1
1583000460000	59.36	59.34	59.36	59.34	0.6
1583000520000	59.41	59.459	59.459	59.41	21.6
1583000580000	59.469	59.382	59.469	59.382	2.7
1583000640000	59.509	59.534	59.534	59.498	8.637602620000001
1583000700000	59.493	59.445	59.493	59.413	0.71151137
1583000820000	59.37	59.33	59.37	59.33	1.15
1583000880000	59.388	59.349	59.388	59.349	0.8
1583000940000	59.35	59.459	59.459	59.35	20.1
1583001000000	59.416	59.416	59.416	59.416	0.30879053
1583001060000	59.386	59.386	59.386	59.386	4.46845349
1583001120000	59.415	59.415	59.415	59.415	0.1
1583001180000	59.459	59.46	59.46	59.459	0.5
1583001240000	59.399	59.399	59.399	59.399	1.25
1583001300000	59.399	59.43	59.494	59.399	42.754
1583001360000	59.433	59.433	59.433	59.433	0.30954496
1583001480000	59.405	59.399	59.405	59.399	20.0
1583001540000	59.539	59.539	59.539	59.539	0.1
1583001600000	59.493	59.493	59.493	59.493	0.1
1583001720000	59.398	59.4	59.4	59.398	16.43136488
1583001840000	59.495	59.475	59.495	59.475	0.554
1583001900000	59.433	59.433	59.433	59.433	0.1
1583002140000	59.562	59.556	59.562	59.509	35.60122406
1583002260000	59.586	59.587	59.587	59.586	0.35
1583002500000	59.554	59.6	59.6	59.554	43.17536992
1583002560000	59.599	59.599	59.599	59.59	1.7
1583002620000	59.539	59.558	59.558	59.539	0.2
1583002800000	59.531	59.531	59.531	59.531	0.1
1583002860000	59.489	59.477	59.489	59.477	1.0
1583002980000	59.469	59.409	59.469	59.409	1.154
1583003040000	59.408	59.407	59.408	59.407	0.5044076900000001
1583003100000	59.408	59.419	59.42	59.36	10.964455990000001
1583003160000	59.364	59.418	59.418	59.364	7.497730220000001
1583003220000	59.391	59.339	59.391	59.339	10.001
1583003280000	59.307	59.401	59.503	59.307	13.20743609
1583003340000	59.399	59.399	59.399	59.399	0.1
1583003400000	59.359	59.359	59.359	59.359	0.25
1583003640000	59.329	59.393	59.393	59.329	8.0091273
1583003700000	59.418	59.418	59.418	59.418	3.338
1583003760000	59.418	59.431	59.431	59.346	11.1
1583003820000	59.446	59.446	59.446	59.446	0.25
1583003940000	59.383	59.369	59.419	59.369	8.54358711
1583004240000	59.301	59.391	59.391	59.301	7.3
1583004300000	59.272	59.24	59.272	59.238	25.35
1583004480000	59.232	59.233	59.234	59.159	47.93
1583004600000	59.16	59.264	59.264	59.16	13.293921209999999
1583004660000	59.28	59.254	59.28	59.24	8.121585329999998
1583004720000	59.255	59.255	59.255	59.255	0.1
1583004780000	59.256	59.256	59.256	59.256	0.1
1583004900000	59.282	59.296	59.296	59.282	2.545
1583005200000	59.391	59.493	59.493	59.391	1.5
1583005260000	59.498	59.6	59.6	59.498	6.82683808
1583005320000	59.6	59.673	59.764	59.6	41.37568035
1583005380000	59.758	59.838	59.838	59.758	141.41497286999999
1583005440000	59.837	59.99	59.99	59.837	5.13720733
1583005500000	59.977	59.958	59.99	59.82	6.40242822
1583005560000	59.9	59.826	59.901	59.826	15.392
1583005680000	59.889	59.742	59.889	59.742	10.684000000000001
1583005740000	59.744	59.89	59.89	59.743	5.5
1583005800000	59.925	59.925	59.925	59.925	0.25
1583005860000	59.94	59.94	59.94	59.94	0.1
1583005980000	59.934	59.975	59.99	59.934	2.25
1583006040000	59.975	59.971	59.975	59.971	0.2
1583006100000	59.96	59.915	59.96	59.915	1.96168395
1583006160000	59.889	59.917	59.917	59.877	20.2
1583006220000	59.851	59.747	59.851	59.747	1.8380825299999999
1583006400000	59.746	59.622	59.746	59.62	14.93932734
1583006460000	59.722	59.722	59.722	59.722	0.2
1583006520000	59.657	59.657	59.657	59.657	0.298
1583006580000	59.62	59.521	59.62	59.521	13.04418963
1583006640000	59.613	59.613	59.613	59.613	0.702994
1583006880000	59.57	59.514	59.57	59.514	0.7
1583006940000	59.503	59.512	59.513	59.468	4.86625896
1583007060000	59.603	59.608	59.608	59.603	4.88356144
1583007120000	59.649	59.716	59.752	59.649	4.4
1583007180000	59.705	59.72	59.72	59.636	5.23667562
1583007240000	59.727	59.637	59.727	59.637	5.395
1583007300000	59.603	59.426	59.603	59.426	1.5882378400000001
1583007360000	59.387	59.387	59.387	59.387	0.251
1583007420000	59.399	59.272	59.399	59.271	100.941
1583007480000	59.271	59.216	59.278	59.197	77.11085463
1583007540000	59.193	59.098	59.203	59.098	139.790424
1583007600000	59.163	59.086	59.164	59.078	9.14266975
1583007660000	59.094	59.092	59.094	59.079	35.5
1583007720000	59.179	59.167	59.218	59.091	75.46165625
1583007780000	59.204	59.008	59.205	59.008	49.49856092
1583007840000	59.071	59.071	59.071	59.071	0.25
1583007900000	59.096	59.019	59.096	59.019	0.30000000000000004
1583007960000	59.041	58.98	59.066	58.885	89.56169615
1583008020000	59.055	59.055	59.055	59.055	0.1
1583008080000	59.034	58.992	59.034	58.992	5.1000000000000005
1583008140000	58.953	58.953	58.953	58.953	0.1
1583008200000	58.915	58.935	58.935	58.881	0.309
1583008260000	59.001	59.012	59.012	59.001	4.81603716
1583008380000	59.042	59.054	59.054	59.042	5.0
1583008440000	59.028	59.027	59.028	59.027	9.298200000000001
1583008500000	59.024	59.008	59.024	59.008	0.35
1583008560000	59.069	59.069	59.069	59.069	4.55
1583008620000	59.089	59.101	59.101	59.089	10.06754114
1583008680000	59.095	59.13	59.13	59.095	17.6
1583008740000	59.127	59.127	59.127	59.127	1.0
1583008800000	59.212	59.212	59.212	59.212	0.1
1583009040000	59.172	59.1	59.172	59.1	0.36592983999999995
1583009100000	59.116	59.143	59.147	59.116	0.35
1583009160000	59.109	59.06	59.109	59.06	35.1
1583009400000	59.071	59.06	59.071	59.06	16.0
1583009460000	59.081	59.074	59.081	59.074	52.0
1583009520000	59.073	59.06	59.073	59.06	5.1
1583009580000	59.061	59.06	59.061	59.06	10.0
1583009700000	59.093	59.1	59.1	59.093	111.7471008
1583009820000	59.09	59.09	59.09	59.09	0.25
1583009880000	59.065	59.065	59.065	59.065	0.1
1583009940000	59.101	59.101	59.101	59.101	0.25
1583010060000	59.078	59.111	59.111	59.078	4.65980962
1583010120000	59.112	59.112	59.112	59.112	4.02003961
1583010240000	59.129	59.146	59.185	59.129	171.20811457
1583010300000	59.199	59.199	59.199	59.199	0.8
1583010360000	59.144	59.132	59.144	59.131	2.7
1583010420000	59.132	59.153	59.153	59.132	13.83177036
1583010480000	59.166	59.166	59.166	59.166	0.1
1583010600000	59.248	59.248	59.248	59.248	0.1
1583010660000	59.3	59.218	59.331	59.218	11.9416206
1583010720000	59.162	59.187	59.258	59.162	1.5
1583010900000	59.183	59.151	59.183	59.151	3.7439532
1583011020000	59.061	59.061	59.061	59.061	0.1
1583011080000	59.061	59.06	59.061	59.06	287.68912549000004
1583011140000	59.06	58.812	59.06	58.812	206.77013166
1583011200000	58.883	58.886	58.886	58.833	0.30000000000000004
1583011320000	58.818	58.817	58.829	58.812	4.6000000000000005
1583011380000	58.942	58.984	58.984	58.942	5.2
1583011440000	58.947	58.947	58.947	58.947	0.2
1583011500000	58.889	58.837	58.889	58.837	0.75
1583011560000	58.943	58.88	58.943	58.88	11.89183896
1583011680000	58.827	58.826	58.827	58.826	1.0
1583011860000	58.803	58.799	58.803	58.799	39.23973017
1583011920000	58.79	58.799	58.799	58.79	4.543
1583011980000	58.87	58.8	58.87	58.8	14.73932769
1583012040000	58.8	58.8	58.8	58.8	4.2069502000000005
1583012100000	58.835	58.835	58.835	58.835	0.910129
1583012280000	58.844	58.843	58.844	58.843	0.9083760000000001
1583012340000	58.803	58.79	58.803	58.79	19.07469958
1583012400000	58.751	58.849	58.849	58.751	8.95287923
1583012460000	58.77	58.77	58.77	58.77	1.0
1583012580000	58.865	58.865	58.865	58.865	0.1
1583012640000	58.881	58.89	58.89	58.881	0.2
1583012700000	58.881	58.881	58.881	58.881	0.1
1583012760000	58.8	58.798	58.8	58.798	1.0
1583012820000	58.781	58.745	58.781	58.745	4.3830354499999995
1583012880000	58.746	58.746	58.746	58.746	0.1
1583013240000	58.869	58.869	58.869	58.869	0.2
1583013360000	58.832	58.832	58.832	58.832	0.1
1583013540000	58.882	58.884	58.884	58.882	11.9
1583013660000	58.909	58.909	58.909	58.909	0.2004008
1583013720000	58.798	58.778	58.798	58.777	0.6
1583013780000	58.808	58.808	58.808	58.808	0.1
1583013840000	58.792	58.781	58.792	58.781	10.0
1583013960000	58.834	58.834	58.834	58.834	4.7938179
1583014140000	58.838	58.838	58.838	58.838	0.1
1583014320000	58.801	58.801	58.801	58.801	6.2024484
1583014500000	58.783	58.757	58.783	58.757	6.0
1583014620000	58.756	58.756	58.756	58.756	6.39428659
1583014680000	58.756	58.756	58.756	58.756	111.80471324
1583014740000	58.757	58.757	58.757	58.757	0.25
1583014800000	58.756	58.756	58.756	58.756	0.35
1583014860000	58.757	58.757	58.757	58.757	3.79325651
1583014920000	58.827	58.828	58.828	58.827	5.0
1583015040000	58.812	58.841	58.866	58.812	52.527996609999995
1583015160000	58.88	58.88	58.88	58.88	0.1
1583015340000	58.871	58.871	58.871	58.871	0.1
1583015400000	58.863	58.782	58.873	58.782	101.1
1583015460000	58.862	58.862	58.862	58.862	0.3
1583015520000	58.917	58.917	58.917	58.917	0.35
1583015640000	58.913	58.928	58.928	58.913	0.25
1583015760000	59.019	59.019	59.019	59.019	0.1
1583015820000	59.067	59.083	59.083	59.067	23.1
1583016000000	59.152	59.216	59.239	59.152	5.17021494
1583016060000	59.22	59.22	59.22	59.22	0.1
1583016120000	59.215	59.188	59.215	59.188	2.75179301
1583016180000	59.179	59.179	59.179	59.179	0.75
1583016240000	59.171	59.171	59.171	59.171	0.17
1583016300000	59.148	59.165	59.165	59.148	1.35
1583016360000	59.01	59.01	59.01	59.01	0.1
1583016420000	58.977	58.977	58.977	58.977	0.1
1583016480000	58.956	58.935	58.956	58.935	20.0
1583016600000	59.012	59.163	59.163	59.012	10.61755771
1583016660000	59.139	59.137	59.192	59.137	9.25915835
1583016720000	59.125	59.125	59.125	59.125	1.38958119
1583016840000	59.139	59.176	59.176	59.139	4.31718122
1583016900000	59.141	59.132	59.141	59.079	4.45781388
1583017200000	59.145	59.145	59.145	59.145	0.1
1583017260000	58.981	58.986	58.986	58.981	4.333587769999999
1583017440000	59.058	59.067	59.067	59.058	7.30706944
1583017500000	59.067	59.066	59.067	59.066	7.011019559999999
1583017620000	59.022	59.022	59.022	59.022	0.1
1583017680000	59.044	59.043	59.044	59.043	0.25
1583017800000	59.038	59.037	59.038	59.037	0.25
1583018040000	59.049	59.049	59.049	59.049	4.02290004
1583018100000	59.037	59.037	59.037	59.037	4.02408225
1583018220000	59.07	59.15	59.15	59.07	4.1213427199999995
1583018280000	59.134	59.155	59.155	59.134	80.0
1583018400000	59.203	59.204	59.204	59.203	6.0
1583018520000	59.201	59.227	59.227	59.201	22.4
1583018580000	59.299	59.308	59.32	59.299	26.1
1583018640000	59.317	59.323	59.323	59.317	1.2431500000000002
1583018700000	59.229	59.229	59.229	59.229	0.75
1583018820000	59.288	59.288	59.288	59.288	0.4
1583019000000	59.231	59.224	59.249	59.224	0.5
1583019060000	59.231	59.197	59.231	59.197	20.29814118
1583019180000	59.218	59.218	59.218	59.218	1.25
1583019240000	59.217	59.171	59.217	59.171	9.03235854
1583019300000	59.206	59.161	59.206	59.16	4.6137498599999995
1583019360000	59.079	59.0	59.079	59.0	34.02580157
1583019420000	59.0	58.807	59.0	58.623	976.37595763
1583019480000	58.681	58.667	58.734	58.625	6.956
1583019540000	58.665	58.551	58.665	58.458	59.12205967
1583019600000	58.568	58.557	58.588	58.556	25.9658049
1583019660000	58.556	58.626	58.626	58.556	7.887391399999999
1583019720000	58.556	58.551	58.58	58.551	93.85763659
1583019780000	58.487	58.48	58.488	58.48	119.04899983
1583019840000	58.457	58.461	58.471	58.457	1.6600000000000001
1583019900000	58.527	58.668	58.712	58.527	392.74739432
1583019960000	58.666	58.629	58.666	58.629	2.05537876
1583020020000	58.599	58.473	58.599	58.473	4.1
1583020080000	58.499	58.447	58.499	58.404	3.9
1583020140000	58.409	58.34	58.466	58.34	103.77265342
1583020200000	58.34	58.295	58.391	58.105	70.38508047
1583020260000	58.265	58.455	58.455	58.184	21.31380164
1583020320000	58.429	58.429	58.429	58.429	0.25
1583020380000	58.363	58.509	58.509	58.363	7.35
1583020440000	58.522	58.41	58.522	58.409	1.0
1583020500000	58.326	58.339	58.339	58.282	2.1
1583020560000	58.295	58.295	58.295	58.295	1.0
1583020620000	58.246	58.29	58.29	58.233	15.13287923
1583020680000	58.239	58.239	58.239	58.239	1.0
1583020740000	58.26	58.285	58.285	58.228	18.602
1583020800000	58.248	58.442	58.442	58.233	7.2794
1583020860000	58.506	58.494	58.506	58.382	6.79094179
1583020920000	58.494	58.617	58.755	58.494	79.54263954
1583020980000	58.646	58.662	58.662	58.645	15.345333830000001
1583021040000	58.597	58.7	58.7	58.596	22.74993537
1583021100000	58.7	58.846	58.864	58.7	25.6389343
1583021160000	58.751	58.986	58.986	58.706	31.08546665
1583021220000	58.988	58.988	58.988	58.988	0.1
1583021280000	59.081	59.118	59.133	58.985	16.4
1583021340000	59.141	59.178	59.227	59.091	655.81959774
1583021400000	59.126	59.134	59.16	59.045	8.28023655
1583021460000	59.134	59.065	59.134	59.065	3.6
1583021520000	59.094	58.963	59.094	58.963	12.14609092
1583021580000	59.008	58.948	59.008	58.903	3.5660856499999998
1583021640000	58.955	58.957	58.957	58.955	5.1
1583021700000	58.959	59.1	59.1	58.959	56.173601399999995
1583021760000	59.134	59.134	59.134	59.134	0.25
1583021820000	59.088	59.088	59.088	59.088	0.14177156
1583021940000	59.134	59.364	59.397	59.134	37.89514409
1583022000000	59.299	59.314	59.314	59.299	4.50523092
1583022060000	59.307	59.269	59.307	59.249	4.53
1583022180000	59.103	59.103	59.103	59.103	0.1
1583022240000	59.156	59.156	59.156	59.156	0.5
1583022300000	59.143	59.289	59.29	59.143	19.18670812
1583022360000	59.253	59.198	59.31	59.198	5.1499999999999995
1583022420000	59.359	59.387	59.398	59.305	20.2
1583022480000	59.374	59.363	59.374	59.363	0.7999999999999999
1583022540000	59.341	59.29	59.386	59.29	6.4
1583022600000	59.29	59.195	59.29	59.195	9.801
1583022660000	59.313	59.191	59.313	59.191	8.30219227
1583022720000	59.077	59.089	59.089	59.077	0.67375377
1583022900000	59.086	59.081	59.095	59.081	1.0530124600000002
1583022960000	59.039	58.976	59.039	58.976	19.30852244
1583023020000	58.889	58.888	58.889	58.888	70.97310697
1583023080000	58.93	58.93	58.93	58.93	2.94084472
1583023140000	58.856	58.879	58.879	58.856	0.4
1583023200000	58.926	58.926	58.926	58.926	0.1
1583023260000	58.855	58.855	58.855	58.855	0.1
1583023380000	58.738	58.738	58.738	58.738	0.25
1583023440000	58.84	58.76	58.84	58.76	2.15
1583023500000	58.804	58.805	58.805	58.804	0.21547573
1583023560000	58.717	58.616	58.717	58.616	40.0
1583023620000	58.711	58.578	58.711	58.578	297.0
1583023740000	58.705	58.638	58.705	58.638	1.1
1583023800000	58.665	58.665	58.665	58.665	0.1
1583023920000	58.857	58.857	58.857	58.857	0.15
1583023980000	58.759	58.855	58.868	58.758	7.58606229
1583024040000	58.842	58.795	58.842	58.795	0.55
1583024100000	58.78	58.685	58.78	58.685	18.51911527
1583024160000	58.543	58.516	58.543	58.516	2.6500000000000004
1583024220000	58.576	58.521	58.576	58.521	2.586812
1583024400000	58.515	58.537	58.537	58.515	115.0
1583024460000	58.588	58.61	58.61	58.572	14.52486136
1583024520000	58.503	58.5	58.55	58.5	8.95439365
1583024580000	58.5	58.483	58.5	58.424	31.50690624
1583024640000	58.486	58.484	58.493	58.484	10.1801339
1583024700000	58.635	58.69	58.69	58.635	15.1
1583024760000	58.658	58.617	58.671	58.617	19.214223869999998
1583024880000	58.651	58.652	58.652	58.651	2.0
1583025000000	58.479	58.53	58.53	58.479	0.2
1583025120000	58.342	58.321	58.342	58.319	10.7
1583025180000	58.415	58.415	58.415	58.415	2.0
1583025240000	58.405	58.41	58.41	58.336	0.7115
1583025300000	58.459	58.519	58.536	58.459	171.73000000000002
1583025360000	58.561	58.628	58.628	58.561	10.1
1583025480000	58.641	58.641	58.641	58.641	1.94288207
1583025540000	58.677	58.764	58.764	58.677	100.10000000000001
1583025600000	58.688	58.804	58.804	58.688	0.30000000000000004
1583025660000	58.811	58.905	58.911	58.811	21.281
1583025720000	58.906	58.906	58.906	58.906	1.6967731
1583025780000	58.904	58.904	58.904	58.904	0.35
1583025840000	58.863	58.863	58.863	58.863	0.1
1583025900000	58.874	58.779	58.874	58.779	1.187
1583025960000	58.746	58.736	58.746	58.693	0.4311
1583026140000	58.985	58.94	58.985	58.94	0.28700000000000003
1583026200000	58.938	58.888	58.938	58.886	8.85412193
1583026260000	58.877	58.88	58.88	58.877	4.53269368
1583026320000	58.873	58.824	58.873	58.761	11.2935113
1583026380000	58.857	58.9	58.9	58.857	16.99
1583026440000	58.896	58.9	58.9	58.896	1.52343113
1583026500000	59.091	59.091	59.091	59.091	0.1
1583026560000	59.109	59.177	59.177	59.095	41.59213067
1583026620000	59.125	59.257	59.257	59.125	2.9394
1583026680000	59.257	59.345	59.401	59.257	11.65667068
1583026740000	59.416	59.493	59.493	59.299	11.21826994
1583026800000	59.532	59.618	59.631	59.511	6.7295
1583026860000	59.583	59.517	59.583	59.517	26.35906032
1583026920000	59.511	59.479	59.511	59.479	5.46500099
1583026980000	59.437	59.437	59.437	59.437	0.25
1583027040000	59.489	59.565	59.565	59.489	6.95
1583027100000	59.616	59.751	59.761	59.599	5.819966
1583027160000	59.761	60.0	60.112	59.761	348.55890754
1583027220000	60.016	59.89	60.11	59.89	66.55899675
1583027280000	59.867	59.76	59.867	59.656	213.93886706
1583027340000	59.7	59.7	59.7	59.7	41.20920185
1583027400000	59.619	59.75	59.75	59.513	10.67192459
1583027460000	59.658	59.633	59.658	59.633	10.0
1583027520000	59.664	59.699	59.699	59.664	5.529760850000001
1583027580000	59.717	59.717	59.717	59.717	0.5
1583027640000	59.842	59.958	59.958	59.842	1.1
1583027700000	59.995	60.142	60.173	59.995	17.34102584
1583027760000	60.161	60.007	60.161	60.007	14.19742412
1583027820000	60.137	60.155	60.155	59.943	7.912
1583027880000	60.155	60.12	60.155	60.12	1.25
1583027940000	60.18	60.2	60.25	60.18	145.24386952999998
1583028000000	60.193	60.422	60.422	60.193	23.401
1583028060000	60.398	60.376	60.497	60.376	31.37755636
1583028120000	60.385	60.375	60.402	60.375	17.64401143
1583028180000	60.322	60.321	60.322	60.249	18.15
1583028240000	60.306	60.238	60.306	60.184	1.55
1583028300000	60.209	60.038	60.298	60.036	174.64251999
1583028360000	60.084	59.89	60.084	59.89	145.39390708
1583028420000	59.851	59.982	59.982	59.851	1.5999999999999999
1583028480000	59.921	59.836	59.931	59.835	7.151
1583028540000	59.868	59.914	59.969	59.868	9.09279126
1583028600000	59.933	59.934	60.0	59.933	16.6
1583028660000	59.866	59.865	59.866	59.865	11.254000000000001
1583028720000	59.865	59.752	59.865	59.752	1.1024
1583028780000	59.739	59.736	59.739	59.736	0.5
1583028840000	59.744	59.795	59.795	59.744	0.2573
1583028900000	59.854	59.887	59.932	59.854	11.38556914
1583028960000	59.918	59.798	59.969	59.798	61.909
1583029020000	59.834	59.838	59.838	59.834	50.0
1583029080000	59.735	59.735	59.735	59.735	0.251
1583029140000	59.724	59.598	59.724	59.598	17.15016455
1583029200000	59.625	59.625	59.625	59.625	0.1
1583029260000	59.598	59.683	59.683	59.58	52.45635007
1583029320000	59.69	59.685	59.69	59.58	25.2307199
1583029380000	59.74	59.747	59.747	59.74	2.6
1583029500000	59.657	59.653	59.657	59.653	0.40691913999999996
1583029560000	59.662	59.662	59.662	59.662	2.84725797
1583029680000	59.747	59.824	59.864	59.747	5.57737
1583029800000	59.852	59.919	59.919	59.852	51.54506968
1583029860000	59.943	59.946	59.946	59.905	1.2
1583029920000	59.931	59.939	59.939	59.931	0.35
1583030040000	59.836	59.836	59.836	59.836	0.1
1583030160000	59.688	59.688	59.7	59.688	0.35
1583030220000	59.702	59.702	59.702	59.702	4.04754815
1583030280000	59.793	59.805	59.805	59.793	100.0
1583030340000	59.79	59.79	59.79	59.79	0.1
1583030460000	59.832	59.832	59.832	59.832	0.5
1583030580000	59.775	59.763	59.775	59.763	4.72203595
1583030640000	59.735	59.712	59.735	59.712	6.699999999999999
1583030700000	59.754	59.754	59.754	59.754	2.82124276
1583030760000	59.861	59.888	59.888	59.861	12.528757240000001
1583030820000	59.956	59.956	59.956	59.956	0.1
1583030880000	59.885	59.874	59.885	59.874	4.56404312
1583030940000	59.869	59.862	59.869	59.819	15.2158859
1583031060000	59.76	59.76	59.76	59.76	10.0
1583031120000	59.74	59.752	59.756	59.737	24.46
1583031180000	59.672	59.703	59.703	59.672	21.54654215
1583031480000	59.801	59.753	59.801	59.753	7.6465
1583031660000	59.799	59.799	59.799	59.799	0.1671801
1583031720000	59.847	59.797	59.847	59.797	12.73538651
1583032020000	59.657	59.821	59.821	59.657	10.36
1583032080000	59.876	59.882	59.882	59.876	4.064
1583032200000	59.869	59.869	59.869	59.869	3.0
1583032260000	59.842	59.842	59.842	59.842	0.1
1583032320000	59.955	59.955	59.955	59.955	5.0
1583032380000	59.903	59.903	59.903	59.903	0.35
1583032740000	59.958	60.0	60.0	59.958	0.95
1583032800000	60.0	60.074	60.074	60.0	16.05
1583032860000	60.113	60.223	60.228	60.113	12.35
1583032920000	60.229	60.361	60.361	60.229	259.90997715
1583032980000	60.383	60.32	60.421	60.32	7.426218909999999
1583033040000	60.42	60.362	60.42	60.362	0.55
1583033100000	60.386	60.362	60.425	60.362	3.65
1583033160000	60.375	60.45	60.45	60.375	23.537336359999998
1583033220000	60.461	60.488	60.488	60.461	17.469139820000002
1583033340000	60.418	60.418	60.418	60.418	0.5
1583033400000	60.313	60.313	60.313	60.313	0.5
1583033460000	60.201	60.161	60.201	60.161	20.49655543
1583033520000	60.23	60.23	60.23	60.23	0.25
1583033580000	60.228	60.15	60.244	60.15	8.136993350000001
1583033640000	60.147	60.158	60.329	60.147	33.88723824
1583033700000	60.343	60.229	60.343	60.229	0.45
1583033760000	60.141	60.141	60.141	60.141	1.25
1583033820000	60.122	59.967	60.122	59.967	6.552
1583033880000	59.98	59.968	59.98	59.968	1.75
1583034000000	59.939	60.047	60.047	59.939	10.1
1583034060000	60.044	60.022	60.044	59.994	100.5
1583034120000	59.929	59.89	59.929	59.89	0.502
1583034240000	59.885	59.885	59.885	59.885	0.4
1583034300000	59.869	59.858	59.882	59.858	0.45
1583034420000	59.913	59.881	59.913	59.881	6.7615276699999995
1583034660000	59.957	59.945	59.972	59.945	27.234203739999998
1583034720000	59.924	59.774	59.924	59.774	13.22352106
1583034780000	59.86	59.871	59.871	59.86	2.83996389
1583034840000	59.794	59.794	59.794	59.794	0.5
1583034900000	59.837	59.844	59.844	59.829	0.30000000000000004
1583034960000	59.872	59.906	59.906	59.872	8.07
1583035140000	59.782	59.782	59.782	59.782	0.1
1583035200000	59.823	59.823	59.823	59.823	0.1
1583035260000	59.861	59.912	59.912	59.861	7.63998527
1583035380000	59.965	59.965	59.965	59.965	0.1
1583035440000	59.963	59.975	59.975	59.963	0.75
1583035500000	60.018	60.043	60.044	60.018	16.90738368
1583035560000	59.962	59.962	59.962	59.962	1.25
1583035680000	59.903	59.825	59.903	59.825	6.46200136
1583035740000	59.774	59.674	59.811	59.674	400.7
1583035800000	59.708	59.658	59.708	59.658	0.55
1583035860000	59.658	59.631	59.658	59.631	0.5
1583035920000	59.62	59.542	59.62	59.542	3.63199196
1583035980000	59.543	59.558	59.558	59.543	7.06519312
1583036040000	59.529	59.529	59.529	59.529	0.136
1583036100000	59.529	59.412	59.529	59.412	20.22608709
1583036160000	59.412	59.39	59.412	59.389	6.37669384
1583036220000	59.434	59.357	59.434	59.357	1.35
1583036340000	59.456	59.361	59.456	59.339	2.23333334
1583036460000	59.333	59.193	59.333	59.17	56.589227550000004
1583036520000	59.219	59.22	59.22	59.219	8.0
1583036580000	59.295	59.25	59.339	59.25	21.6441117
1583036640000	59.335	59.217	59.335	59.217	18.45
1583036700000	59.276	59.276	59.276	59.276	0.1
1583036760000	59.203	59.203	59.203	59.203	0.1
1583036820000	59.271	59.27	59.271	59.27	1.0
1583036880000	59.32	59.175	59.32	59.172	8.395228359999999
1583036940000	59.275	59.26	59.275	59.18	17.38733667
1583037060000	59.36	59.36	59.36	59.36	0.1
1583037120000	59.362	59.362	59.362	59.362	8.02321528
1583037180000	59.381	59.489	59.489	59.381	3.3110000000000004
1583037240000	59.456	59.456	59.456	59.456	6.47
1583037300000	59.444	59.444	59.444	59.444	3.192288
1583037360000	59.305	59.426	59.426	59.305	26.07962401
1583037540000	59.234	59.234	59.234	59.234	0.1
1583037600000	59.258	59.258	59.258	59.258	0.4094
1583037660000	59.381	59.331	59.381	59.331	4.734
1583037780000	59.263	59.285	59.285	59.263	0.35
1583037900000	59.447	59.452	59.452	59.447	0.5
1583037960000	59.439	59.485	59.485	59.439	0.4
1583038080000	59.433	59.433	59.433	59.433	0.5
1583038260000	59.493	59.532	59.532	59.493	0.5
1583038320000	59.515	59.515	59.515	59.515	3.98629799
1583038380000	59.522	59.522	59.522	59.522	0.5134
1583038620000	59.571	59.571	59.571	59.571	0.25
1583038680000	59.609	59.427	59.609	59.414	8.82774672
1583038740000	59.427	59.427	59.427	59.427	3.743
1583038860000	59.4	59.4	59.4	59.4	9.99922712
1583038920000	59.4	59.294	59.4	59.294	8.4881739
1583039040000	59.357	59.357	59.357	59.357	0.5
1583039100000	59.274	59.274	59.274	59.274	0.1
1583039160000	59.274	59.271	59.274	59.271	16.11657908
1583039220000	59.278	59.284	59.284	59.278	26.860743999999997
1583039280000	59.342	59.342	59.342	59.342	3.99889068
1583039400000	59.296	59.296	59.296	59.296	1.52526
1583039520000	59.251	59.074	59.251	58.98	198.74218463999998
1583039580000	59.06	59.072	59.117	59.06	4.75
1583039700000	59.05	59.05	59.05	59.05	2.62040448
1583039760000	58.981	58.972	58.981	58.971	0.7
1583039820000	58.971	59.008	59.031	58.9	149.09795358
1583039880000	59.092	59.038	59.092	59.038	0.202003
1583039940000	59.017	59.086	59.086	59.017	23.97240675
1583040000000	59.106	59.106	59.106	59.106	0.5
1583040360000	58.9	58.879	58.9	58.879	10.14581147
1583040420000	58.88	58.886	58.894	58.88	122.12704253
1583040480000	58.866	58.866	58.866	58.866	0.25
1583040540000	58.969	58.92	58.969	58.92	8.1
1583040600000	59.055	59.212	59.212	59.055	331.54640211000003
1583040660000	59.193	59.168	59.203	59.168	8.49141395
1583040720000	59.182	59.182	59.182	59.182	0.5
1583040780000	59.188	59.293	59.293	59.188	191.71413563
1583040900000	59.3	59.197	59.307	59.197	10.41667158
1583040960000	59.231	59.231	59.231	59.231	0.5
1583041020000	59.245	59.187	59.245	59.187	4.25617845
1583041080000	59.24	59.169	59.248	59.169	9.86243982
1583041140000	59.194	59.194	59.194	59.194	0.1
1583041260000	59.295	59.303	59.303	59.295	0.4
1583041320000	59.31	59.261	59.326	59.261	7.52886532
1583041380000	59.251	59.251	59.251	59.251	0.25
1583041620000	59.21	59.21	59.21	59.21	2.565
1583041740000	59.338	59.339	59.339	59.338	2.79889717
1583041800000	59.377	59.377	59.377	59.377	0.25
1583041920000	59.416	59.531	59.531	59.416	1.7
1583041980000	59.531	59.449	59.531	59.449	1.6448524999999998
1583042040000	59.532	59.532	59.532	59.532	0.25
1583042100000	59.57	59.531	59.57	59.531	11.19414
1583042220000	59.47	59.48	59.48	59.47	18.60871166
1583042340000	59.54	59.535	59.54	59.426	202.1
1583042460000	59.421	59.421	59.421	59.421	0.10839915
1583042520000	59.434	59.425	59.434	59.379	8.907864259999998
1583042580000	59.443	59.443	59.443	59.443	0.2
1583042640000	59.474	59.474	59.474	59.474	0.5
1583042760000	59.42	59.408	59.42	59.408	14.16251335
1583042820000	59.382	59.382	59.382	59.382	5.63746289
1583042880000	59.363	59.291	59.363	59.291	200.0
1583043060000	59.427	59.426	59.429	59.417	3.5
1583043240000	59.42	59.42	59.42	59.42	0.1
1583043300000	59.397	59.397	59.397	59.397	0.1
1583043420000	59.552	59.604	59.755	59.552	818.5004924
1583043480000	59.677	59.677	59.677	59.677	0.25
1583043600000	59.595	59.663	59.663	59.595	1.15
1583043720000	59.654	59.67	59.67	59.576	15.444512809999999
1583044020000	59.55	59.55	59.55	59.55	3.98350994
1583044140000	59.426	59.325	59.426	59.325	205.499328
1583044200000	59.311	59.283	59.311	59.232	14.40942379
1583044260000	59.251	59.121	59.251	59.116	19.49700787
1583044320000	59.078	59.175	59.175	59.077	11.8868592
1583044380000	59.125	59.166	59.183	59.114	6.856999999999999
1583044440000	59.15	59.165	59.199	59.15	133.14843915999998
1583044500000	59.171	59.171	59.171	59.171	4.00999804
1583044680000	59.184	59.183	59.184	59.183	5.69802808
1583044740000	59.039	59.005	59.039	59.005	50.0
1583044800000	59.001	58.906	59.001	58.906	0.621
1583044860000	58.895	58.93	58.93	58.895	0.2
1583044920000	58.946	58.946	58.946	58.946	0.1
1583045160000	59.028	59.028	59.028	59.028	0.40927072
1583045220000	59.103	59.115	59.115	59.103	56.6234571
1583045280000	59.076	59.076	59.076	59.076	10.5882498
1583045340000	59.075	59.183	59.183	59.075	32.78786838
1583045400000	58.987	58.988	58.988	58.987	97.68171578
1583045460000	59.077	59.183	59.183	59.077	30.147
1583045520000	59.141	59.141	59.141	59.141	0.1
1583045760000	59.217	59.227	59.227	59.217	3.2800000000000002
1583045820000	59.241	59.241	59.241	59.241	0.5
1583046060000	59.085	59.085	59.085	59.085	0.1
1583046120000	59.1	59.1	59.1	59.1	6.82057177
1583046240000	59.064	59.064	59.064	59.064	2.28
1583046300000	59.099	59.099	59.099	59.099	9.33825393
1583046360000	59.09	59.09	59.09	59.09	3.841
1583046420000	59.09	59.09	59.09	59.09	0.0001743
1583046480000	59.3	59.3	59.3	59.3	0.25
1583046540000	59.339	59.344	59.344	59.339	14.395151
1583046600000	59.294	59.294	59.294	59.294	1.0
1583046720000	59.253	59.288	59.288	59.253	50.0
1583046780000	59.236	59.236	59.236	59.236	0.1
1583046900000	59.265	59.265	59.265	59.265	8.15382756
1583047020000	59.316	59.316	59.316	59.316	0.1635647
1583047080000	59.27	59.27	59.27	59.27	0.25
1583047200000	59.186	59.186	59.186	59.186	3.97622653
1583047320000	59.17	59.094	59.17	59.094	4.0782323
1583047440000	59.052	58.944	59.052	58.944	8.573
1583047500000	58.972	58.972	58.972	58.972	0.168
1583047620000	58.991	58.83	58.991	58.819	18.66277462
1583047680000	58.92	58.92	58.92	58.92	1.09617244
1583047740000	58.933	58.922	58.933	58.922	0.30000000000000004
1583047860000	58.79	58.681	58.79	58.68	22.449470090000002
1583047920000	58.775	58.775	58.775	58.775	0.1
1583047980000	58.764	58.661	58.764	58.661	10.4109945
1583048040000	58.699	58.727	58.727	58.666	13.81
1583048100000	58.66	58.753	58.753	58.66	0.23
1583048160000	58.748	58.748	58.748	58.748	6.55861718
1583048220000	58.827	58.875	58.912	58.827	35.79167353
1583048280000	58.94	58.912	58.94	58.912	0.5
1583048340000	58.893	58.836	58.893	58.832	8.4
1583048400000	58.856	58.858	58.858	58.856	1.7000000000000002
1583048640000	58.998	59.039	59.039	58.998	20.0
1583048760000	58.951	58.951	58.951	58.951	0.1
1583049000000	58.908	58.869	58.908	58.869	4.793
1583049120000	58.821	58.922	58.922	58.821	22.93545
1583049480000	59.09	59.095	59.095	59.048	0.45
1583049600000	59.101	59.101	59.101	59.101	3.98134952
1583049660000	59.137	59.276	59.276	59.137	80.77380235
1583049780000	59.141	59.141	59.141	59.141	8.532
1583049840000	59.203	59.196	59.203	59.196	0.2
1583049900000	59.147	59.066	59.147	59.066	16.824346040000002
1583049960000	59.051	59.051	59.051	59.051	4.400632
1583050020000	59.064	59.057	59.087	59.057	21.07591015
1583050200000	59.088	59.088	59.088	59.088	3.98284834
1583050440000	59.274	59.274	59.274	59.274	0.1
1583050500000	59.266	59.271	59.271	59.266	4.75666696
1583050620000	59.298	59.298	59.298	59.298	13.969
1583050680000	59.299	59.339	59.339	59.299	4.54538703
1583050740000	59.377	59.377	59.377	59.377	0.25
1583050800000	59.416	59.435	59.435	59.416	5.0
1583050860000	59.455	59.455	59.455	59.455	0.25
1583050920000	59.483	59.459	59.483	59.459	0.2
1583050980000	59.431	59.339	59.431	59.339	30.20393278
1583051040000	59.45	59.482	59.482	59.45	39.12314156
1583051100000	59.493	59.556	59.556	59.446	9.1879
1583051160000	59.571	59.561	59.595	59.518	12.42
1583051280000	59.41	59.435	59.435	59.41	6.51022023
1583051400000	59.398	59.488	59.488	59.398	25.1
1583051460000	59.428	59.454	59.454	59.428	12.978406419999999
1583051580000	59.344	59.345	59.345	59.344	25.0
1583051700000	59.31	59.31	59.31	59.31	0.5
1583051760000	59.317	59.317	59.317	59.317	0.1
1583051820000	59.318	59.318	59.318	59.318	5.55464919
1583051940000	59.351	59.405	59.405	59.351	9.69955618
1583052000000	59.307	59.307	59.307	59.307	4.0
1583052060000	59.29	59.232	59.29	59.232	16.38605927
1583052240000	59.193	59.193	59.193	59.193	0.251
1583052420000	59.155	58.961	59.155	58.961	18.46906
1583052540000	58.984	58.984	58.984	58.984	10.0
1583052600000	59.042	59.073	59.073	59.042	13.0
1583052660000	59.046	58.985	59.046	58.985	9.8
1583052720000	58.992	58.951	58.992	58.951	13.17945714
1583052840000	58.89	58.89	58.89	58.89	4.42477
1583052900000	58.89	58.868	58.89	58.868	18.608711659999997
1583052960000	58.85	58.85	58.85	58.85	0.2
1583053020000	58.912	58.922	58.922	58.912	7.52747329
1583053080000	58.993	58.993	58.993	58.993	0.1
1583053380000	58.916	58.882	58.916	58.882	57.0
1583053440000	59.044	59.044	59.044	59.044	7.71579126
1583053560000	58.974	58.974	58.974	58.974	0.1
1583053980000	59.145	59.125	59.145	59.125	16.83572108
1583054040000	59.167	59.154	59.167	59.135	32.49
1583054100000	59.253	59.254	59.254	59.253	16.6967731
1583054160000	59.299	59.339	59.339	59.299	2.99011096
1583054220000	59.377	59.344	59.416	59.344	7.27163
1583054280000	59.359	59.344	59.359	59.344	12.69916733
1583054340000	59.24	59.239	59.25	59.216	165.48651
1583054400000	59.216	59.225	59.225	59.216	11.785513170000002
1583054460000	59.216	59.216	59.216	59.216	109.25718197
1583054760000	59.117	59.117	59.117	59.117	30.610547999999998
1583054820000	59.116	59.077	59.116	59.077	0.502
1583054880000	59.039	59.006	59.039	59.006	10.0
1583055000000	59.115	59.166	59.166	59.115	80.00611291
1583055360000	59.123	59.123	59.123	59.123	25.1187085
1583055420000	59.073	59.035	59.073	59.035	50.0
1583055540000	59.011	59.011	59.011	59.011	3.9865069
1583055720000	59.093	59.093	59.093	59.093	0.10944922
1583055900000	59.08	59.08	59.08	59.08	3.98248147
1583055960000	58.957	58.957	58.957	58.957	3.98962
1583056020000	58.829	58.829	58.829	58.829	0.1
1583056080000	58.879	58.866	58.879	58.827	19.230152
1583056500000	58.807	58.8	58.807	58.8	50.0
1583056560000	58.831	58.792	58.831	58.792	4.34
1583056620000	58.704	58.705	58.705	58.704	17.72430512
1583056680000	58.746	58.6	58.746	58.6	0.7
1583056740000	58.717	58.717	58.717	58.717	7.71579126
1583056800000	58.804	58.804	58.804	58.804	0.1
1583056860000	58.769	58.769	58.769	58.769	4.68289583
1583056920000	58.81	58.812	58.812	58.81	1.35
1583056980000	58.764	58.764	58.764	58.764	9.72803683
1583057160000	58.804	58.965	58.975	58.765	39.83001715
1583057220000	58.995	58.995	58.995	58.995	3.988
1583057280000	58.95	58.881	58.95	58.881	200.0
1583057400000	58.967	58.968	58.968	58.967	1.25
1583057700000	58.994	59.007	59.007	58.994	0.35
1583057760000	59.078	59.078	59.078	59.078	0.1
1583057940000	59.105	59.105	59.105	59.105	0.5
1583058000000	59.085	59.035	59.085	59.035	5.234999999999999
1583058060000	59.036	59.028	59.036	59.028	12.27
1583058120000	59.031	59.018	59.035	59.018	7.1301087800000005
1583058180000	59.037	59.037	59.037	59.037	0.1
1583058300000	58.923	58.923	58.923	58.923	1.5967731
1583058360000	58.915	58.903	58.915	58.903	2.5
1583058420000	59.071	59.071	59.071	59.071	0.5
1583058480000	59.192	59.174	59.192	59.174	26.5
1583059200000	59.109	59.07	59.109	59.07	69.0
1583059320000	59.051	59.051	59.051	59.051	0.5
1583059380000	59.2	59.2	59.2	59.2	6.05432745
1583059440000	59.19	59.189	59.19	59.189	17.71078758
1583059500000	59.189	59.189	59.189	59.189	3.97555697
1583059620000	59.2	59.2	59.2	59.2	6.77671296
1583059680000	59.2	59.3	59.3	59.2	150.66442510000002
1583059740000	59.315	59.315	59.315	59.315	0.827
1583059800000	59.315	59.395	59.395	59.315	0.8
1583059860000	59.393	59.415	59.415	59.381	1.85
1583059980000	59.408	59.483	59.483	59.408	500.1
1583060040000	59.442	59.442	59.442	59.442	0.6
1583060160000	59.378	59.303	59.378	59.303	1.25
1583060340000	59.274	59.274	59.274	59.274	0.1
1583060400000	59.27	59.265	59.27	59.265	1.5142099999999998
1583060460000	59.352	59.374	59.434	59.352	7.619
1583060520000	59.377	59.375	59.377	59.375	10.574
1583060580000	59.334	59.326	59.334	59.326	0.4
1583060640000	59.296	59.296	59.296	59.296	0.15
1583060760000	59.176	59.085	59.176	59.047	36.16505383
1583060820000	59.112	59.112	59.112	59.112	0.1478
1583060880000	59.157	59.158	59.158	59.157	4.5
1583061000000	59.166	59.166	59.166	59.166	0.1
1583061060000	59.166	59.166	59.166	59.166	9.0
1583061120000	59.165	59.165	59.165	59.165	0.11206274
1583061180000	59.166	59.201	59.201	59.166	117.05277462
1583061360000	59.158	59.158	59.158	59.158	0.62
1583061420000	59.13	59.159	59.159	59.092	265.433259
1583061480000	59.224	59.238	59.238	59.224	6.90316795
1583061540000	59.264	59.319	59.319	59.254	82.20458879
1583061600000	59.317	59.29	59.317	59.29	19.458175699999998
1583061660000	59.272	59.272	59.272	59.272	1.80076343
1583061780000	59.301	59.301	59.301	59.301	2.5
1583061900000	59.297	59.297	59.297	59.297	5.7096205
1583062020000	59.377	59.384	59.384	59.377	0.95
1583062140000	59.333	59.306	59.333	59.306	4.6967731
1583062200000	59.284	59.284	59.284	59.284	0.1
1583062440000	59.297	59.296	59.297	59.296	12.94666457
1583062500000	59.217	59.217	59.217	59.217	0.105953
1583062740000	59.36	59.36	59.36	59.36	20.831284
1583062800000	59.248	59.216	59.248	59.216	75.0
1583062860000	59.225	59.276	59.276	59.225	7.692714130000001
1583062920000	59.344	59.437	59.437	59.344	44.27228841
1583062980000	59.436	59.646	59.759	59.436	1530.95007805
1583063040000	59.71	59.578	59.768	59.578	463.23189467
1583063100000	59.803	59.796	59.919	59.796	705.7691701
1583063160000	59.904	59.82	59.904	59.82	46.45
1583063220000	59.746	59.77	59.771	59.746	11.01
1583063280000	59.796	59.804	59.804	59.688	51.60693148
1583063340000	59.829	59.835	59.835	59.829	9.589694
1583063400000	59.838	59.918	59.918	59.838	5.93870639
1583063460000	59.883	59.863	59.916	59.863	25.63208318
1583063520000	59.844	59.85	59.85	59.844	7.08539706
1583063580000	59.84	59.775	59.84	59.775	1.072
1583063760000	59.791	59.816	59.816	59.791	1.7707852800000001
1583063880000	59.695	59.796	59.796	59.694	5.83548576
1583063940000	59.815	59.815	59.815	59.815	50.1
1583064000000	59.83	60.115	60.228	59.83	349.83324233
1583064060000	60.125	60.274	60.412	60.113	666.97188997
1583064120000	60.239	60.188	60.289	60.15	50.980981379999996
1583064180000	60.191	60.44	60.45	60.191	30.54368301
1583064240000	60.44	60.323	60.475	60.284	361.74917213
1583064300000	60.425	60.402	60.488	60.393	73.22567683
1583064360000	60.341	60.313	60.341	60.313	65.538
1583064420000	60.161	60.084	60.161	60.084	52.62441941
1583064480000	60.101	60.156	60.182	60.083	50.52895487
1583064600000	60.173	60.227	60.262	60.166	4.5182034799999995
1583064660000	60.212	60.142	60.269	60.142	200.25
1583064720000	60.197	60.197	60.197	60.197	15.0
1583064780000	60.129	60.06	60.129	60.06	4.29437276
1583064900000	60.247	60.244	60.247	60.244	3.0
1583064960000	60.197	60.175	60.197	60.175	17.66054777
1583065020000	60.059	59.774	60.059	59.774	324.50919618
1583065080000	59.762	59.835	59.852	59.762	5.48089083
1583065140000	59.839	59.838	59.853	59.827	22.05456278
1583065200000	59.866	59.866	59.866	59.866	15.0
1583065260000	59.874	59.899	59.899	59.874	70.0
1583065320000	59.87	59.87	59.87	59.87	0.702
1583065380000	59.87	59.706	59.87	59.706	131.64568491
1583065440000	59.706	59.723	59.723	59.636	31.26647905
1583065500000	59.723	59.723	59.723	59.723	10.0
1583065560000	59.791	59.791	59.791	59.791	2.0
1583065620000	59.72	59.72	59.72	59.72	0.702405
1583065680000	59.636	59.567	59.636	59.567	39.63752095
1583065740000	59.567	59.55	59.567	59.55	15.0
1583065800000	59.55	59.738	59.755	59.494	116.11520702
1583065860000	59.719	59.638	59.763	59.638	34.48150112
1583065980000	59.599	59.58	59.599	59.58	80.0
1583066040000	59.531	59.503	59.531	59.499	89.29689083
1583066100000	59.525	59.525	59.525	59.525	3.698704
1583066220000	59.472	59.438	59.5	59.438	35.95597008
1583066280000	59.446	59.574	59.574	59.446	60.516739890000004
1583066400000	59.534	59.534	59.534	59.534	0.25
1583066460000	59.597	59.57	59.597	59.57	23.598119309999998
1583066520000	59.531	59.44	59.531	59.4	28.36223124
1583066580000	59.487	59.487	59.487	59.487	0.1
1583066640000	59.397	59.31	59.397	59.31	22.57335668
1583066700000	59.328	59.328	59.328	59.328	8.08602597
1583066760000	59.47	59.519	59.519	59.47	200.0
1583066820000	59.435	59.435	59.435	59.435	0.1
1583066880000	59.451	59.451	59.516	59.451	145.20151498
1583067000000	59.348	59.283	59.348	59.09	202.96085452
1583067060000	59.169	59.306	59.306	59.169	19.10136067
1583067120000	59.285	59.285	59.285	59.285	0.45
1583067240000	59.194	59.194	59.194	59.194	0.1
1583067300000	59.162	59.141	59.162	59.141	56.51021
1583067480000	59.167	59.175	59.175	59.167	50.44818703
1583067540000	59.163	59.163	59.163	59.163	0.2
1583067660000	59.192	59.279	59.281	59.192	36.482068
1583067720000	59.26	59.26	59.26	59.26	12.06920615
1583067780000	59.096	59.077	59.096	59.077	4.22837568
1583067840000	59.078	59.048	59.078	58.935	86.15908329999999
1583067900000	59.057	58.994	59.057	58.929	19.1
1583067960000	58.981	59.009	59.009	58.979	71.241018
1583068020000	58.991	58.8	58.991	58.8	394.21901342
1583068080000	58.864	58.853	58.864	58.853	4.10615969
1583068140000	58.95	58.95	58.95	58.95	15.0
1583068200000	59.087	59.088	59.088	59.087	20.0
1583068260000	59.122	59.123	59.123	59.122	20.0
1583068440000	59.18	59.254	59.299	59.18	333.86006802
1583068500000	59.273	59.356	59.356	59.273	33.5
1583068560000	59.35	59.218	59.367	59.218	6.120796680000001
1583068620000	59.234	59.234	59.234	59.234	13.99926
1583068680000	59.175	59.175	59.175	59.175	1.0
1583068740000	59.099	59.099	59.099	59.099	62.31
1583068920000	59.192	59.135	59.192	59.135	9.96132958
1583068980000	59.139	59.159	59.159	59.112	32.3304385
1583069040000	59.199	59.199	59.199	59.199	2.0
1583069100000	59.163	59.349	59.349	59.163	5.05593119
1583069160000	59.367	59.367	59.367	59.367	2.0
1583069220000	59.331	59.271	59.34	59.271	2.55
1583069280000	59.271	59.271	59.271	59.271	0.11192022
1583069400000	59.279	59.376	59.376	59.247	1.8
1583069460000	59.361	59.369	59.369	59.344	42.3
1583069520000	59.341	59.341	59.341	59.341	0.1
1583069580000	59.376	59.346	59.4	59.346	2.372
1583069640000	59.347	59.347	59.347	59.347	2.0
1583069700000	59.288	59.283	59.288	59.283	4.0
1583069760000	59.152	59.152	59.152	59.152	0.1
1583069820000	59.195	59.185	59.195	59.185	5.11026047
1583069880000	59.158	59.158	59.158	59.158	0.1228296
1583070060000	59.183	59.223	59.223	59.18	0.9
1583070120000	59.267	59.27	59.27	59.267	13.246540509999999
1583070240000	59.292	59.299	59.299	59.292	0.4
1583070360000	59.292	59.292	59.292	59.292	0.34326273
1583070540000	59.4	59.454	59.454	59.4	18.681775180000002
1583070600000	59.455	59.537	59.566	59.455	172.62845498000001
1583070660000	59.416	59.44	59.44	59.416	6.87341127
1583070720000	59.465	59.412	59.465	59.412	2.0
1583070780000	59.494	59.494	59.494	59.494	0.14684921
1583070840000	59.507	59.507	59.507	59.507	2.0
1583071140000	59.438	59.438	59.438	59.438	0.1
1583071200000	59.432	59.432	59.432	59.432	0.1
1583071260000	59.524	59.524	59.524	59.524	3.95105093
1583071320000	59.507	59.542	59.542	59.507	4.45097772
1583071380000	59.548	59.468	59.548	59.468	5.17095436
1583071440000	59.5	59.492	59.5	59.492	5.76272702
1583071500000	59.57	59.56	59.57	59.56	48.9232
1583071560000	59.571	59.648	59.648	59.571	14.07
1583071620000	59.639	59.57	59.639	59.569	14.24733107
1583071740000	59.488	59.438	59.496	59.438	0.30000000000000004
1583071860000	59.485	59.485	59.485	59.485	0.870569
1583071920000	59.442	59.442	59.442	59.442	6.395205
1583071980000	59.377	59.433	59.433	59.377	0.4
1583072040000	59.444	59.423	59.444	59.423	10.0
1583072100000	59.431	59.43	59.431	59.43	13.1
1583072160000	59.398	59.281	59.398	59.275	261.087343
1583072220000	59.271	59.271	59.271	59.271	0.251
1583072280000	59.251	59.251	59.251	59.251	0.10611936
1583072340000	59.232	59.271	59.271	59.204	44.89177177
1583072400000	59.235	59.194	59.235	59.194	0.6854089999999999
1583072460000	59.241	59.244	59.244	59.231	30.4004
1583072520000	59.232	59.232	59.232	59.232	6.395205
1583072580000	59.245	59.245	59.245	59.245	11.4728285
1583072640000	59.245	59.245	59.245	59.245	31.59451293
1583072700000	59.245	59.245	59.245	59.245	168.75532516
1583072820000	59.244	59.247	59.247	59.242	0.35
1583072940000	59.223	59.239	59.239	59.223	8.394981679999999
1583073240000	59.34	59.33	59.34	59.33	4.1
1583073300000	59.327	59.327	59.327	59.327	0.978
1583073360000	59.327	59.327	59.327	59.327	0.000653
1583073420000	59.193	59.193	59.193	59.193	0.251
1583073480000	59.155	59.126	59.155	59.126	1.6324999999999998
1583073540000	59.16	59.16	59.16	59.16	1.07762298
1583073660000	59.116	59.095	59.116	59.053	10.8189
1583073780000	59.093	59.074	59.093	59.074	2.15
1583073900000	59.039	59.039	59.039	59.039	0.251
1583073960000	59.026	59.026	59.026	59.026	15.0
1583074080000	59.059	59.053	59.059	59.053	4.1
1583074140000	59.044	59.053	59.053	59.044	30.0
1583074380000	59.056	59.056	59.056	59.056	0.44874689
1583074440000	59.129	59.07	59.129	59.07	7.121
1583074500000	59.049	59.044	59.049	59.044	30.10021
1583074560000	59.074	59.074	59.074	59.074	27.9845
1583074620000	59.078	59.08	59.08	59.078	30.0
1583074680000	59.098	59.102	59.102	59.098	39.09634643
1583074740000	59.01	59.004	59.01	59.004	0.35
1583074860000	59.0	58.9	59.0	58.9	19.103
1583074920000	58.9	58.832	58.9	58.832	4.0
1583074980000	58.924	58.924	58.924	58.924	3.0
1583075100000	58.963	58.963	58.963	58.963	3.6830000000000003
1583075160000	59.072	59.072	59.072	59.072	0.1
1583075220000	59.079	59.155	59.155	59.079	23.21836533
1583075580000	59.094	59.115	59.115	59.094	0.6
1583075640000	59.0	59.0	59.0	59.0	0.1
1583075700000	58.983	58.912	58.983	58.912	0.4
1583075760000	58.968	58.95	58.968	58.95	10.1
1583076120000	59.023	59.023	59.023	59.023	7.0
1583076180000	58.973	58.914	58.973	58.914	0.36397795
1583076240000	58.828	58.828	58.828	58.828	9.51397795
1583076300000	58.834	58.89	58.89	58.834	5.43660302
1583076360000	59.009	59.009	59.009	59.009	0.1
1583076480000	59.091	59.091	59.091	59.091	20.1
1583076540000	59.028	59.047	59.047	59.028	0.2
1583076600000	59.091	59.163	59.163	59.091	23.56793522
1583076660000	59.104	59.104	59.104	59.104	3.97972906
1583076720000	59.066	58.98	59.066	58.951	43.12740338
1583076780000	58.94	58.928	58.94	58.928	0.4
1583076900000	58.853	58.731	58.853	58.731	28.4096521
1583076960000	58.752	58.762	58.762	58.752	2.5092165800000004
1583077080000	58.853	58.862	58.869	58.853	2.15
1583077200000	58.858	58.858	58.858	58.858	3.99690656
1583077260000	59.031	59.031	59.031	59.031	0.1
1583077500000	58.995	58.995	58.995	58.995	1.31270999
1583077800000	58.841	58.841	58.841	58.841	3.025
1583077920000	58.851	58.851	58.851	58.851	5.89791602
1583078040000	58.811	58.811	58.811	58.811	0.2
1583078100000	58.811	58.811	58.811	58.811	1.8
1583078160000	58.745	58.745	58.745	58.745	0.134
1583078280000	58.854	58.854	58.854	58.854	0.1
1583078340000	58.829	58.819	58.857	58.819	21.09091401
1583078460000	58.811	58.788	58.811	58.788	2.2004007999999997
1583078520000	58.9	58.945	58.954	58.9	3.6
1583078640000	58.978	58.978	58.978	58.978	4.32638
1583078760000	58.988	58.988	58.988	58.988	15.52
1583078820000	58.883	58.883	58.883	58.883	0.1
1583078940000	58.82	58.749	58.82	58.702	958.0
1583079000000	58.717	58.7	58.717	58.7	10.1
1583079060000	58.699	58.767	58.767	58.699	16.16360115
1583079120000	58.767	58.712	58.767	58.702	4.70966378
1583079180000	58.73	58.73	58.73	58.73	2.0991
1583079240000	58.733	58.732	58.733	58.732	4.90212889
1583079360000	58.84	58.922	58.922	58.826	4.24782786
1583079420000	58.934	58.934	58.934	58.934	0.5
1583079480000	58.96	58.96	58.96	58.96	8.0
1583079540000	58.899	58.999	59.019	58.899	9.121724780000001
1583079600000	59.012	59.076	59.076	59.012	85.19248999999999
1583079660000	59.12	59.116	59.12	59.101	11.2369
1583079720000	59.11	59.074	59.11	59.074	292.48282614
1583079840000	58.974	58.974	58.974	58.974	0.2
1583079900000	58.925	58.925	58.925	58.925	0.1
1583079960000	58.891	58.891	58.891	58.891	0.1
1583080020000	58.841	58.841	58.841	58.841	20.4
1583080080000	58.829	58.7	58.829	58.572	1008.04980756
1583080140000	58.662	58.689	58.689	58.636	20.1
1583080200000	58.662	58.684	58.684	58.662	9.96446025
1583080260000	58.676	58.63	58.676	58.571	1010.75
1583080320000	58.622	58.06	58.622	57.75	3667.23911726
1583080380000	58.094	58.039	58.175	57.967	652.70489417
1583080440000	58.016	57.755	58.016	57.75	91.77580122
1583080500000	57.752	57.508	57.788	57.336	805.52914909
1583080560000	57.577	57.754	57.848	57.577	280.19735977
1583080620000	57.711	57.88	58.059	57.711	139.04574953
1583080680000	57.931	57.815	57.931	57.815	1.65
1583080740000	57.843	57.886	57.886	57.752	53.02632
1583080800000	57.789	57.645	57.789	57.645	142.31255315
1583080860000	57.744	57.784	57.784	57.744	55.44847396
1583080920000	57.773	57.736	57.788	57.736	64.68764537
1583080980000	57.736	57.736	57.786	57.736	8.53185453
1583081040000	57.746	57.736	57.746	57.669	33.25
1583081100000	57.687	57.494	57.687	57.494	650.48211971
1583081160000	57.483	57.442	57.483	56.9	1292.50296541
1583081220000	57.339	57.335	57.369	57.261	181.92209409
1583081280000	57.312	57.25	57.358	57.225	25.10246966
1583081340000	57.315	57.35	57.356	57.311	9.01544277
1583081400000	57.35	57.637	57.637	57.349	105.0802969
1583081460000	57.627	57.538	57.627	57.505	100.96782286
1583081520000	57.502	57.375	57.502	57.375	20.4670586
1583081580000	57.437	57.421	57.437	57.401	11.27148314
1583081640000	57.391	57.433	57.433	57.321	30.69262255
1583081700000	57.4	57.329	57.4	57.329	2.1
1583081760000	57.269	57.195	57.269	57.195	18.0
1583081820000	57.401	57.539	57.539	57.38	38.6438
1583081880000	57.458	58.005	58.044	57.458	784.0366159
1583081940000	57.922	58.111	58.129	57.877	84.73818266
1583082000000	58.095	57.801	58.095	57.801	60.58487963
1583082060000	57.789	57.639	57.789	57.569	20.796459740000003
1583082120000	57.615	57.635	57.635	57.53	45.20241849
1583082180000	57.625	57.558	57.625	57.558	13.686
1583082240000	57.554	57.468	57.554	57.425	5.67674757
1583082360000	57.514	57.503	57.537	57.503	11.2
1583082420000	57.563	57.605	57.623	57.563	46.04769192
1583082540000	57.591	57.591	57.591	57.591	0.191
1583082600000	57.553	57.553	57.553	57.553	0.1
1583082660000	57.717	57.717	57.717	57.717	0.1
1583082720000	57.706	57.76	57.76	57.691	0.5
1583082780000	57.65	57.65	57.65	57.65	1.578071
1583082840000	57.676	57.669	57.676	57.669	0.41164289
1583082900000	57.66	57.691	57.782	57.66	24.92800843
1583082960000	57.651	57.517	57.651	57.517	13.80468179
1583083020000	57.558	57.532	57.558	57.532	0.29200000000000004
1583083080000	57.474	57.492	57.492	57.474	7.02870339
1583083140000	57.555	57.31	57.555	57.31	207.07371039
1583083200000	57.307	57.348	57.348	57.307	1.3
1583083260000	57.354	57.29	57.359	57.29	26.1
1583083320000	57.303	57.347	57.347	57.303	4.1
1583083380000	57.314	57.347	57.347	57.287	2.1
1583083440000	57.347	57.402	57.402	57.347	6.9
1583083500000	57.34	57.306	57.34	57.306	0.5
1583083560000	57.318	57.314	57.318	57.314	23.324605390000002
1583083620000	57.3	57.423	57.484	57.275	71.92399999999999
1583083680000	57.429	57.404	57.43	57.404	91.6367731
1583083740000	57.298	57.264	57.304	57.179	281.91596112
1583083800000	57.244	57.121	57.244	57.121	76.8927404
1583083860000	57.131	57.187	57.239	57.131	11.2
1583083920000	57.17	57.287	57.287	57.17	12.327734170000001
1583083980000	57.345	57.36	57.36	57.345	6.516508819999999
1583084040000	57.264	57.264	57.264	57.264	0.1
1583084100000	57.264	57.211	57.264	57.211	17.69191667
1583084160000	57.153	57.153	57.153	57.153	0.54426546
1583084220000	57.196	57.161	57.196	57.161	127.659667
1583084280000	57.25	57.264	57.264	57.232	485.43900499
1583084340000	57.264	57.354	57.388	57.264	137.97898528
1583084400000	57.379	57.387	57.388	57.37	111.45
1583084460000	57.37	57.381	57.385	57.332	86.6
1583084520000	57.314	57.302	57.371	57.302	20.716212419999998
1583084580000	57.355	57.355	57.355	57.355	0.1
1583084700000	57.342	57.373	57.373	57.342	1.6343999999999999
1583084760000	57.388	57.386	57.388	57.385	20.20022169
1583084820000	57.388	57.388	57.388	57.387	40.14695191
1583084880000	57.388	57.388	57.388	57.388	15.84577301
1583084940000	57.388	57.381	57.388	57.381	113.61495239
1583085000000	57.388	57.388	57.388	57.388	15.99071346
1583085120000	57.381	57.382	57.382	57.381	2.03227
1583085180000	57.388	57.529	57.555	57.388	467.13914752
1583085240000	57.507	57.458	57.56	57.458	10.4767
1583085300000	57.502	57.547	57.547	57.502	1.45
1583085360000	57.546	57.644	57.663	57.546	326.2
1583085420000	57.663	57.705	57.838	57.662	219.11298358
1583085480000	57.676	57.587	57.679	57.587	111.36267989000001
1583085540000	57.639	57.56	57.639	57.56	0.7000000000000001
1583085600000	57.596	57.545	57.596	57.523	10.55
1583085660000	57.5	57.474	57.5	57.474	1.35
1583085720000	57.474	57.474	57.474	57.474	0.25
1583085780000	57.473	57.461	57.473	57.461	0.5
1583085840000	57.439	57.427	57.466	57.425	15.3248149
1583086020000	57.467	57.467	57.467	57.467	0.1
1583086080000	57.444	57.43	57.444	57.43	31.15915038
1583086200000	57.443	57.434	57.447	57.434	10.077471209999999
1583086260000	57.47	57.395	57.47	57.395	0.4
